

           ELEMENT GENERATION PROCEDURE  
 GLOBAL COORDINATES  
 NUMBER             X COORD	   Y COORD  
    1          0.00        0.00
    2          0.00        0.00
    3          0.01        0.00
    4          0.07        0.00
    5          0.13        0.00
    6          0.17        0.00
    7          0.21        0.00
    8          0.00        0.06
    9          0.01        0.06
   10          0.13        0.06
   11          0.21        0.06
   12          0.00        0.12
   13          0.00        0.12
   14          0.01        0.12
   15          0.07        0.12
   16          0.13        0.12
   17          0.17        0.12
   18          0.21        0.12
   19          0.00        0.13
   20          0.01        0.13
   21          0.13        0.13
   22          0.21        0.13
   23          0.00        0.15
   24          0.00        0.15
   25          0.01        0.15
   26          0.07        0.15
   27          0.13        0.15
   28          0.17        0.15
   29          0.21        0.15
   30          0.00        0.19
   31          0.01        0.19
   32          0.13        0.19
   33          0.21        0.20
   34          0.00        0.23
   35          0.00        0.23
   36          0.01        0.23
   37          0.07        0.23
   38          0.13        0.23
   39          0.18        0.23
   40          0.21        0.23


 CONNECTIVITY DATA
 REGION    SIDE   1	   2      	    3	   4  
    1               0      2      4      0
    2               0      3      5      1
    3               0      0      6      2
    4               1      5      7      0
    5               2      6      8      4
    6               3      0      9      5
    7               4      8      0      0
    8               5      9      0      7
    9               6      0      0      8
1

 ***  REGION  1  ****
           7 ROWS           3 COLUMNS
          BOUNDARY NODE NUMBERS              1    2    3    9   14   13   12    8


 REGION NODE NUMBERS

     1    2    3
     4    5    6
     7    8    9
    10   11   12
    13   14   15
    16   17   18
    19   20   21


   NEL  NODE NUMBERS         X(1)        Y(1)        X(2)        Y(2)        X(3)        Y(3)
     1    4    5    2         0.0000      0.0960      0.0049      0.0960      0.0049      0.1152
     2    4    2    1         0.0000      0.0960      0.0049      0.1152      0.0000      0.1152
     3    5    6    3         0.0049      0.0960      0.0098      0.0960      0.0097      0.1152
     4    5    3    2         0.0049      0.0960      0.0097      0.1152      0.0049      0.1152
     5    7    8    5         0.0000      0.0768      0.0049      0.0768      0.0049      0.0960
     6    7    5    4         0.0000      0.0768      0.0049      0.0960      0.0000      0.0960
     7    8    9    6         0.0049      0.0768      0.0097      0.0768      0.0098      0.0960
     8    8    6    5         0.0049      0.0768      0.0098      0.0960      0.0049      0.0960
     9   10   11    8         0.0000      0.0576      0.0049      0.0576      0.0049      0.0768
    10   10    8    7         0.0000      0.0576      0.0049      0.0768      0.0000      0.0768
    11   11   12    9         0.0049      0.0576      0.0097      0.0576      0.0097      0.0768
    12   11    9    8         0.0049      0.0576      0.0097      0.0768      0.0049      0.0768
    13   13   14   11         0.0000      0.0384      0.0049      0.0384      0.0049      0.0576
    14   13   11   10         0.0000      0.0384      0.0049      0.0576      0.0000      0.0576
    15   14   15   12         0.0049      0.0384      0.0097      0.0384      0.0097      0.0576
    16   14   12   11         0.0049      0.0384      0.0097      0.0576      0.0049      0.0576
    17   16   17   14         0.0000      0.0192      0.0049      0.0192      0.0049      0.0384
    18   16   14   13         0.0000      0.0192      0.0049      0.0384      0.0000      0.0384
    19   17   18   15         0.0049      0.0192      0.0097      0.0192      0.0097      0.0384
    20   17   15   14         0.0049      0.0192      0.0097      0.0384      0.0049      0.0384
    21   19   20   17         0.0000      0.0000      0.0049      0.0000      0.0049      0.0192
    22   19   17   16         0.0000      0.0000      0.0049      0.0192      0.0000      0.0192
    23   20   21   18         0.0049      0.0000      0.0097      0.0000      0.0097      0.0192
    24   20   18   17         0.0049      0.0000      0.0097      0.0192      0.0049      0.0192
1

 ***  REGION  2  ****
           7 ROWS          10 COLUMNS
          BOUNDARY NODE NUMBERS              3    4    5   10   16   15   14    9


 REGION NODE NUMBERS

     3   22   23   24   25   26   27   28   29   30
     6   31   32   33   34   35   36   37   38   39
     9   40   41   42   43   44   45   46   47   48
    12   49   50   51   52   53   54   55   56   57
    15   58   59   60   61   62   63   64   65   66
    18   67   68   69   70   71   72   73   74   75
    21   76   77   78   79   80   81   82   83   84


   NEL  NODE NUMBERS         X(1)        Y(1)        X(2)        Y(2)        X(3)        Y(3)
    25    6   31   22         0.0098      0.0960      0.0234      0.0960      0.0234      0.1152
    26    6   22    3         0.0098      0.0960      0.0234      0.1152      0.0097      0.1152
    27   31   32   23         0.0234      0.0960      0.0371      0.0960      0.0371      0.1152
    28   31   23   22         0.0234      0.0960      0.0371      0.1152      0.0234      0.1152
    29   32   33   24         0.0371      0.0960      0.0508      0.0960      0.0508      0.1153
    30   32   24   23         0.0371      0.0960      0.0508      0.1153      0.0371      0.1152
    31   33   34   25         0.0508      0.0960      0.0645      0.0960      0.0645      0.1152
    32   33   25   24         0.0508      0.0960      0.0645      0.1152      0.0508      0.1153
    33   34   35   26         0.0645      0.0960      0.0782      0.0960      0.0782      0.1152
    34   34   26   25         0.0645      0.0960      0.0782      0.1152      0.0645      0.1152
    35   35   36   27         0.0782      0.0960      0.0919      0.0960      0.0919      0.1153
    36   35   27   26         0.0782      0.0960      0.0919      0.1153      0.0782      0.1152
    37   36   37   28         0.0919      0.0960      0.1056      0.0960      0.1056      0.1153
    38   36   28   27         0.0919      0.0960      0.1056      0.1153      0.0919      0.1153
    39   37   38   29         0.1056      0.0960      0.1193      0.0960      0.1193      0.1152
    40   37   29   28         0.1056      0.0960      0.1193      0.1152      0.1056      0.1153
    41   38   39   30         0.1193      0.0960      0.1330      0.0960      0.1330      0.1152
    42   38   30   29         0.1193      0.0960      0.1330      0.1152      0.1193      0.1152
    43    9   40   31         0.0097      0.0768      0.0234      0.0768      0.0234      0.0960
    44    9   31    6         0.0097      0.0768      0.0234      0.0960      0.0098      0.0960
    45   40   41   32         0.0234      0.0768      0.0371      0.0768      0.0371      0.0960
    46   40   32   31         0.0234      0.0768      0.0371      0.0960      0.0234      0.0960
    47   41   42   33         0.0371      0.0768      0.0508      0.0768      0.0508      0.0960
    48   41   33   32         0.0371      0.0768      0.0508      0.0960      0.0371      0.0960
    49   42   43   34         0.0508      0.0768      0.0645      0.0768      0.0645      0.0960
    50   42   34   33         0.0508      0.0768      0.0645      0.0960      0.0508      0.0960
    51   43   44   35         0.0645      0.0768      0.0782      0.0768      0.0782      0.0960
    52   43   35   34         0.0645      0.0768      0.0782      0.0960      0.0645      0.0960
    53   44   45   36         0.0782      0.0768      0.0919      0.0768      0.0919      0.0960
    54   44   36   35         0.0782      0.0768      0.0919      0.0960      0.0782      0.0960
    55   45   46   37         0.0919      0.0768      0.1056      0.0768      0.1056      0.0960
    56   45   37   36         0.0919      0.0768      0.1056      0.0960      0.0919      0.0960
    57   46   47   38         0.1056      0.0768      0.1193      0.0768      0.1193      0.0960
    58   46   38   37         0.1056      0.0768      0.1193      0.0960      0.1056      0.0960
    59   47   48   39         0.1193      0.0768      0.1330      0.0768      0.1330      0.0960
    60   47   39   38         0.1193      0.0768      0.1330      0.0960      0.1193      0.0960
    61   12   49   40         0.0097      0.0576      0.0234      0.0576      0.0234      0.0768
    62   12   40    9         0.0097      0.0576      0.0234      0.0768      0.0097      0.0768
    63   49   50   41         0.0234      0.0576      0.0371      0.0576      0.0371      0.0768
    64   49   41   40         0.0234      0.0576      0.0371      0.0768      0.0234      0.0768
    65   50   51   42         0.0371      0.0576      0.0508      0.0576      0.0508      0.0768
    66   50   42   41         0.0371      0.0576      0.0508      0.0768      0.0371      0.0768
    67   51   52   43         0.0508      0.0576      0.0645      0.0576      0.0645      0.0768
    68   51   43   42         0.0508      0.0576      0.0645      0.0768      0.0508      0.0768
    69   52   53   44         0.0645      0.0576      0.0782      0.0576      0.0782      0.0768
    70   52   44   43         0.0645      0.0576      0.0782      0.0768      0.0645      0.0768
    71   53   54   45         0.0782      0.0576      0.0919      0.0576      0.0919      0.0768
    72   53   45   44         0.0782      0.0576      0.0919      0.0768      0.0782      0.0768
    73   54   55   46         0.0919      0.0576      0.1056      0.0576      0.1056      0.0768
    74   54   46   45         0.0919      0.0576      0.1056      0.0768      0.0919      0.0768
    75   55   56   47         0.1056      0.0576      0.1193      0.0576      0.1193      0.0768
    76   55   47   46         0.1056      0.0576      0.1193      0.0768      0.1056      0.0768
    77   56   57   48         0.1193      0.0576      0.1330      0.0576      0.1330      0.0768
    78   56   48   47         0.1193      0.0576      0.1330      0.0768      0.1193      0.0768
    79   15   58   49         0.0098      0.0384      0.0234      0.0384      0.0234      0.0576
    80   15   49   12         0.0098      0.0384      0.0234      0.0576      0.0097      0.0576
    81   58   59   50         0.0234      0.0384      0.0371      0.0384      0.0371      0.0576
    82   58   50   49         0.0234      0.0384      0.0371      0.0576      0.0234      0.0576
    83   59   60   51         0.0371      0.0384      0.0508      0.0384      0.0508      0.0576
    84   59   51   50         0.0371      0.0384      0.0508      0.0576      0.0371      0.0576
    85   60   61   52         0.0508      0.0384      0.0645      0.0384      0.0645      0.0576
    86   60   52   51         0.0508      0.0384      0.0645      0.0576      0.0508      0.0576
    87   61   62   53         0.0645      0.0384      0.0782      0.0384      0.0782      0.0576
    88   61   53   52         0.0645      0.0384      0.0782      0.0576      0.0645      0.0576
    89   62   63   54         0.0782      0.0384      0.0919      0.0384      0.0919      0.0576
    90   62   54   53         0.0782      0.0384      0.0919      0.0576      0.0782      0.0576
    91   63   64   55         0.0919      0.0384      0.1056      0.0384      0.1056      0.0576
    92   63   55   54         0.0919      0.0384      0.1056      0.0576      0.0919      0.0576
    93   64   65   56         0.1056      0.0384      0.1193      0.0384      0.1193      0.0576
    94   64   56   55         0.1056      0.0384      0.1193      0.0576      0.1056      0.0576
    95   65   66   57         0.1193      0.0384      0.1330      0.0384      0.1330      0.0576
    96   65   57   56         0.1193      0.0384      0.1330      0.0576      0.1193      0.0576
    97   18   67   58         0.0098      0.0192      0.0234      0.0192      0.0234      0.0384
    98   18   58   15         0.0098      0.0192      0.0234      0.0384      0.0098      0.0384
    99   67   68   59         0.0234      0.0192      0.0371      0.0192      0.0371      0.0384
   100   67   59   58         0.0234      0.0192      0.0371      0.0384      0.0234      0.0384
   101   68   69   60         0.0371      0.0192      0.0508      0.0192      0.0508      0.0384
   102   68   60   59         0.0371      0.0192      0.0508      0.0384      0.0371      0.0384
   103   69   70   61         0.0508      0.0192      0.0645      0.0192      0.0645      0.0384
   104   69   61   60         0.0508      0.0192      0.0645      0.0384      0.0508      0.0384
   105   70   71   62         0.0645      0.0192      0.0782      0.0192      0.0782      0.0384
   106   70   62   61         0.0645      0.0192      0.0782      0.0384      0.0645      0.0384
   107   71   72   63         0.0782      0.0192      0.0919      0.0192      0.0919      0.0384
   108   71   63   62         0.0782      0.0192      0.0919      0.0384      0.0782      0.0384
   109   72   73   64         0.0919      0.0192      0.1056      0.0192      0.1056      0.0384
   110   72   64   63         0.0919      0.0192      0.1056      0.0384      0.0919      0.0384
   111   73   74   65         0.1056      0.0192      0.1193      0.0192      0.1193      0.0384
   112   73   65   64         0.1056      0.0192      0.1193      0.0384      0.1056      0.0384
   113   74   75   66         0.1193      0.0192      0.1330      0.0192      0.1330      0.0384
   114   74   66   65         0.1193      0.0192      0.1330      0.0384      0.1193      0.0384
   115   21   76   67         0.0097      0.0000      0.0234      0.0000      0.0234      0.0192
   116   21   67   18         0.0097      0.0000      0.0234      0.0192      0.0098      0.0192
   117   76   77   68         0.0234      0.0000      0.0371      0.0000      0.0371      0.0192
   118   76   68   67         0.0234      0.0000      0.0371      0.0192      0.0234      0.0192
   119   77   78   69         0.0371      0.0000      0.0508      0.0000      0.0508      0.0192
   120   77   69   68         0.0371      0.0000      0.0508      0.0192      0.0371      0.0192
   121   78   79   70         0.0508      0.0000      0.0645      0.0000      0.0645      0.0192
   122   78   70   69         0.0508      0.0000      0.0645      0.0192      0.0508      0.0192
   123   79   80   71         0.0645      0.0000      0.0782      0.0000      0.0782      0.0192
   124   79   71   70         0.0645      0.0000      0.0782      0.0192      0.0645      0.0192
   125   80   81   72         0.0782      0.0000      0.0919      0.0000      0.0919      0.0192
   126   80   72   71         0.0782      0.0000      0.0919      0.0192      0.0782      0.0192
   127   81   82   73         0.0919      0.0000      0.1056      0.0000      0.1056      0.0192
   128   81   73   72         0.0919      0.0000      0.1056      0.0192      0.0919      0.0192
   129   82   83   74         0.1056      0.0000      0.1193      0.0000      0.1193      0.0192
   130   82   74   73         0.1056      0.0000      0.1193      0.0192      0.1056      0.0192
   131   83   84   75         0.1193      0.0000      0.1330      0.0000      0.1330      0.0192
   132   83   75   74         0.1193      0.0000      0.1330      0.0192      0.1193      0.0192
1

 ***  REGION  3  ****
           7 ROWS           8 COLUMNS
          BOUNDARY NODE NUMBERS              5    6    7   11   18   17   16   10


 REGION NODE NUMBERS

    30   85   86   87   88   89   90   91
    39   92   93   94   95   96   97   98
    48   99  100  101  102  103  104  105
    57  106  107  108  109  110  111  112
    66  113  114  115  116  117  118  119
    75  120  121  122  123  124  125  126
    84  127  128  129  130  131  132  133


   NEL  NODE NUMBERS         X(1)        Y(1)        X(2)        Y(2)        X(3)        Y(3)
   133   39   92   85         0.1330      0.0960      0.1442      0.0960      0.1443      0.1153
   134   39   85   30         0.1330      0.0960      0.1443      0.1153      0.1330      0.1152
   135   92   93   86         0.1442      0.0960      0.1555      0.0960      0.1555      0.1152
   136   92   86   85         0.1442      0.0960      0.1555      0.1152      0.1443      0.1153
   137   93   94   87         0.1555      0.0960      0.1668      0.0960      0.1667      0.1152
   138   93   87   86         0.1555      0.0960      0.1667      0.1152      0.1555      0.1152
   139   94   95   88         0.1668      0.0960      0.1780      0.0960      0.1780      0.1152
   140   94   88   87         0.1668      0.0960      0.1780      0.1152      0.1667      0.1152
   141   95   96   89         0.1780      0.0960      0.1892      0.0960      0.1892      0.1152
   142   95   89   88         0.1780      0.0960      0.1892      0.1152      0.1780      0.1152
   143   96   97   90         0.1892      0.0960      0.2005      0.0960      0.2005      0.1153
   144   96   90   89         0.1892      0.0960      0.2005      0.1153      0.1892      0.1152
   145   97   98   91         0.2005      0.0960      0.2117      0.0960      0.2117      0.1152
   146   97   91   90         0.2005      0.0960      0.2117      0.1152      0.2005      0.1153
   147   48   99   92         0.1330      0.0768      0.1443      0.0768      0.1442      0.0960
   148   48   92   39         0.1330      0.0768      0.1442      0.0960      0.1330      0.0960
   149   99  100   93         0.1443      0.0768      0.1555      0.0768      0.1555      0.0960
   150   99   93   92         0.1443      0.0768      0.1555      0.0960      0.1442      0.0960
   151  100  101   94         0.1555      0.0768      0.1668      0.0768      0.1668      0.0960
   152  100   94   93         0.1555      0.0768      0.1668      0.0960      0.1555      0.0960
   153  101  102   95         0.1668      0.0768      0.1780      0.0768      0.1780      0.0960
   154  101   95   94         0.1668      0.0768      0.1780      0.0960      0.1668      0.0960
   155  102  103   96         0.1780      0.0768      0.1893      0.0768      0.1892      0.0960
   156  102   96   95         0.1780      0.0768      0.1892      0.0960      0.1780      0.0960
   157  103  104   97         0.1893      0.0768      0.2005      0.0768      0.2005      0.0960
   158  103   97   96         0.1893      0.0768      0.2005      0.0960      0.1892      0.0960
   159  104  105   98         0.2005      0.0768      0.2117      0.0768      0.2117      0.0960
   160  104   98   97         0.2005      0.0768      0.2117      0.0960      0.2005      0.0960
   161   57  106   99         0.1330      0.0576      0.1443      0.0576      0.1443      0.0768
   162   57   99   48         0.1330      0.0576      0.1443      0.0768      0.1330      0.0768
   163  106  107  100         0.1443      0.0576      0.1555      0.0576      0.1555      0.0768
   164  106  100   99         0.1443      0.0576      0.1555      0.0768      0.1443      0.0768
   165  107  108  101         0.1555      0.0576      0.1668      0.0576      0.1668      0.0768
   166  107  101  100         0.1555      0.0576      0.1668      0.0768      0.1555      0.0768
   167  108  109  102         0.1668      0.0576      0.1780      0.0576      0.1780      0.0768
   168  108  102  101         0.1668      0.0576      0.1780      0.0768      0.1668      0.0768
   169  109  110  103         0.1780      0.0576      0.1893      0.0576      0.1893      0.0768
   170  109  103  102         0.1780      0.0576      0.1893      0.0768      0.1780      0.0768
   171  110  111  104         0.1893      0.0576      0.2005      0.0576      0.2005      0.0768
   172  110  104  103         0.1893      0.0576      0.2005      0.0768      0.1893      0.0768
   173  111  112  105         0.2005      0.0576      0.2117      0.0576      0.2117      0.0768
   174  111  105  104         0.2005      0.0576      0.2117      0.0768      0.2005      0.0768
   175   66  113  106         0.1330      0.0384      0.1442      0.0384      0.1443      0.0576
   176   66  106   57         0.1330      0.0384      0.1443      0.0576      0.1330      0.0576
   177  113  114  107         0.1442      0.0384      0.1555      0.0384      0.1555      0.0576
   178  113  107  106         0.1442      0.0384      0.1555      0.0576      0.1443      0.0576
   179  114  115  108         0.1555      0.0384      0.1667      0.0384      0.1668      0.0576
   180  114  108  107         0.1555      0.0384      0.1668      0.0576      0.1555      0.0576
   181  115  116  109         0.1667      0.0384      0.1780      0.0384      0.1780      0.0576
   182  115  109  108         0.1667      0.0384      0.1780      0.0576      0.1668      0.0576
   183  116  117  110         0.1780      0.0384      0.1892      0.0384      0.1893      0.0576
   184  116  110  109         0.1780      0.0384      0.1893      0.0576      0.1780      0.0576
   185  117  118  111         0.1892      0.0384      0.2005      0.0384      0.2005      0.0576
   186  117  111  110         0.1892      0.0384      0.2005      0.0576      0.1893      0.0576
   187  118  119  112         0.2005      0.0384      0.2117      0.0384      0.2117      0.0576
   188  118  112  111         0.2005      0.0384      0.2117      0.0576      0.2005      0.0576
   189   75  120  113         0.1330      0.0192      0.1443      0.0192      0.1442      0.0384
   190   75  113   66         0.1330      0.0192      0.1442      0.0384      0.1330      0.0384
   191  120  121  114         0.1443      0.0192      0.1555      0.0192      0.1555      0.0384
   192  120  114  113         0.1443      0.0192      0.1555      0.0384      0.1442      0.0384
   193  121  122  115         0.1555      0.0192      0.1668      0.0192      0.1667      0.0384
   194  121  115  114         0.1555      0.0192      0.1667      0.0384      0.1555      0.0384
   195  122  123  116         0.1668      0.0192      0.1780      0.0192      0.1780      0.0384
   196  122  116  115         0.1668      0.0192      0.1780      0.0384      0.1667      0.0384
   197  123  124  117         0.1780      0.0192      0.1893      0.0192      0.1892      0.0384
   198  123  117  116         0.1780      0.0192      0.1892      0.0384      0.1780      0.0384
   199  124  125  118         0.1893      0.0192      0.2005      0.0192      0.2005      0.0384
   200  124  118  117         0.1893      0.0192      0.2005      0.0384      0.1892      0.0384
   201  125  126  119         0.2005      0.0192      0.2117      0.0192      0.2117      0.0384
   202  125  119  118         0.2005      0.0192      0.2117      0.0384      0.2005      0.0384
   203   84  127  120         0.1330      0.0000      0.1443      0.0000      0.1443      0.0192
   204   84  120   75         0.1330      0.0000      0.1443      0.0192      0.1330      0.0192
   205  127  128  121         0.1443      0.0000      0.1555      0.0000      0.1555      0.0192
   206  127  121  120         0.1443      0.0000      0.1555      0.0192      0.1443      0.0192
   207  128  129  122         0.1555      0.0000      0.1667      0.0000      0.1668      0.0192
   208  128  122  121         0.1555      0.0000      0.1668      0.0192      0.1555      0.0192
   209  129  130  123         0.1667      0.0000      0.1780      0.0000      0.1780      0.0192
   210  129  123  122         0.1667      0.0000      0.1780      0.0192      0.1668      0.0192
   211  130  131  124         0.1780      0.0000      0.1892      0.0000      0.1893      0.0192
   212  130  124  123         0.1780      0.0000      0.1893      0.0192      0.1780      0.0192
   213  131  132  125         0.1892      0.0000      0.2005      0.0000      0.2005      0.0192
   214  131  125  124         0.1892      0.0000      0.2005      0.0192      0.1893      0.0192
   215  132  133  126         0.2005      0.0000      0.2117      0.0000      0.2117      0.0192
   216  132  126  125         0.2005      0.0000      0.2117      0.0192      0.2005      0.0192
1

 ***  REGION  4  ****
           4 ROWS           3 COLUMNS
          BOUNDARY NODE NUMBERS             12   13   14   20   25   24   23   19


 REGION NODE NUMBERS

   134  135  136
   137  138  139
   140  141  142
     1    2    3


   NEL  NODE NUMBERS         X(1)        Y(1)        X(2)        Y(2)        X(3)        Y(3)
   217  137  138  135         0.0000      0.1356      0.0049      0.1356      0.0049      0.1457
   218  137  135  134         0.0000      0.1356      0.0049      0.1457      0.0000      0.1457
   219  138  139  136         0.0049      0.1356      0.0097      0.1356      0.0097      0.1457
   220  138  136  135         0.0049      0.1356      0.0097      0.1457      0.0049      0.1457
   221  140  141  138         0.0000      0.1254      0.0049      0.1254      0.0049      0.1356
   222  140  138  137         0.0000      0.1254      0.0049      0.1356      0.0000      0.1356
   223  141  142  139         0.0049      0.1254      0.0097      0.1254      0.0097      0.1356
   224  141  139  138         0.0049      0.1254      0.0097      0.1356      0.0049      0.1356
   225    1    2  141         0.0000      0.1152      0.0049      0.1152      0.0049      0.1254
   226    1  141  140         0.0000      0.1152      0.0049      0.1254      0.0000      0.1254
   227    2    3  142         0.0049      0.1152      0.0097      0.1152      0.0097      0.1254
   228    2  142  141         0.0049      0.1152      0.0097      0.1254      0.0049      0.1254
1

 ***  REGION  5  ****
           4 ROWS          10 COLUMNS
          BOUNDARY NODE NUMBERS             14   15   16   21   27   26   25   20


 REGION NODE NUMBERS

   136  143  144  145  146  147  148  149  150  151
   139  152  153  154  155  156  157  158  159  160
   142  161  162  163  164  165  166  167  168  169
     3   22   23   24   25   26   27   28   29   30


   NEL  NODE NUMBERS         X(1)        Y(1)        X(2)        Y(2)        X(3)        Y(3)
   229  139  152  143         0.0097      0.1356      0.0234      0.1356      0.0234      0.1457
   230  139  143  136         0.0097      0.1356      0.0234      0.1457      0.0097      0.1457
   231  152  153  144         0.0234      0.1356      0.0371      0.1356      0.0371      0.1457
   232  152  144  143         0.0234      0.1356      0.0371      0.1457      0.0234      0.1457
   233  153  154  145         0.0371      0.1356      0.0508      0.1356      0.0508      0.1457
   234  153  145  144         0.0371      0.1356      0.0508      0.1457      0.0371      0.1457
   235  154  155  146         0.0508      0.1356      0.0645      0.1356      0.0645      0.1457
   236  154  146  145         0.0508      0.1356      0.0645      0.1457      0.0508      0.1457
   237  155  156  147         0.0645      0.1356      0.0782      0.1356      0.0782      0.1457
   238  155  147  146         0.0645      0.1356      0.0782      0.1457      0.0645      0.1457
   239  156  157  148         0.0782      0.1356      0.0919      0.1356      0.0919      0.1457
   240  156  148  147         0.0782      0.1356      0.0919      0.1457      0.0782      0.1457
   241  157  158  149         0.0919      0.1356      0.1056      0.1356      0.1056      0.1457
   242  157  149  148         0.0919      0.1356      0.1056      0.1457      0.0919      0.1457
   243  158  159  150         0.1056      0.1356      0.1193      0.1356      0.1193      0.1457
   244  158  150  149         0.1056      0.1356      0.1193      0.1457      0.1056      0.1457
   245  159  160  151         0.1193      0.1356      0.1330      0.1356      0.1330      0.1457
   246  159  151  150         0.1193      0.1356      0.1330      0.1457      0.1193      0.1457
   247  142  161  152         0.0098      0.1254      0.0234      0.1254      0.0234      0.1356
   248  142  152  139         0.0098      0.1254      0.0234      0.1356      0.0097      0.1356
   249  161  162  153         0.0234      0.1254      0.0371      0.1254      0.0371      0.1356
   250  161  153  152         0.0234      0.1254      0.0371      0.1356      0.0234      0.1356
   251  162  163  154         0.0371      0.1254      0.0508      0.1254      0.0508      0.1356
   252  162  154  153         0.0371      0.1254      0.0508      0.1356      0.0371      0.1356
   253  163  164  155         0.0508      0.1254      0.0645      0.1254      0.0645      0.1356
   254  163  155  154         0.0508      0.1254      0.0645      0.1356      0.0508      0.1356
   255  164  165  156         0.0645      0.1254      0.0782      0.1254      0.0782      0.1356
   256  164  156  155         0.0645      0.1254      0.0782      0.1356      0.0645      0.1356
   257  165  166  157         0.0782      0.1254      0.0919      0.1254      0.0919      0.1356
   258  165  157  156         0.0782      0.1254      0.0919      0.1356      0.0782      0.1356
   259  166  167  158         0.0919      0.1254      0.1056      0.1254      0.1056      0.1356
   260  166  158  157         0.0919      0.1254      0.1056      0.1356      0.0919      0.1356
   261  167  168  159         0.1056      0.1254      0.1193      0.1254      0.1193      0.1356
   262  167  159  158         0.1056      0.1254      0.1193      0.1356      0.1056      0.1356
   263  168  169  160         0.1193      0.1254      0.1330      0.1254      0.1330      0.1356
   264  168  160  159         0.1193      0.1254      0.1330      0.1356      0.1193      0.1356
   265    3   22  161         0.0097      0.1152      0.0234      0.1152      0.0234      0.1254
   266    3  161  142         0.0097      0.1152      0.0234      0.1254      0.0098      0.1254
   267   22   23  162         0.0234      0.1152      0.0371      0.1153      0.0371      0.1254
   268   22  162  161         0.0234      0.1152      0.0371      0.1254      0.0234      0.1254
   269   23   24  163         0.0371      0.1153      0.0508      0.1153      0.0508      0.1254
   270   23  163  162         0.0371      0.1153      0.0508      0.1254      0.0371      0.1254
   271   24   25  164         0.0508      0.1153      0.0645      0.1152      0.0645      0.1254
   272   24  164  163         0.0508      0.1153      0.0645      0.1254      0.0508      0.1254
   273   25   26  165         0.0645      0.1152      0.0782      0.1152      0.0782      0.1254
   274   25  165  164         0.0645      0.1152      0.0782      0.1254      0.0645      0.1254
   275   26   27  166         0.0782      0.1152      0.0919      0.1152      0.0919      0.1254
   276   26  166  165         0.0782      0.1152      0.0919      0.1254      0.0782      0.1254
   277   27   28  167         0.0919      0.1152      0.1056      0.1152      0.1056      0.1254
   278   27  167  166         0.0919      0.1152      0.1056      0.1254      0.0919      0.1254
   279   28   29  168         0.1056      0.1152      0.1193      0.1152      0.1193      0.1254
   280   28  168  167         0.1056      0.1152      0.1193      0.1254      0.1056      0.1254
   281   29   30  169         0.1193      0.1152      0.1330      0.1152      0.1330      0.1254
   282   29  169  168         0.1193      0.1152      0.1330      0.1254      0.1193      0.1254
1

 ***  REGION  6  ****
           4 ROWS           8 COLUMNS
          BOUNDARY NODE NUMBERS             16   17   18   22   29   28   27   21


 REGION NODE NUMBERS

   151  170  171  172  173  174  175  176
   160  177  178  179  180  181  182  183
   169  184  185  186  187  188  189  190
    30   85   86   87   88   89   90   91


   NEL  NODE NUMBERS         X(1)        Y(1)        X(2)        Y(2)        X(3)        Y(3)
   283  160  177  170         0.1330      0.1356      0.1443      0.1356      0.1443      0.1457
   284  160  170  151         0.1330      0.1356      0.1443      0.1457      0.1330      0.1457
   285  177  178  171         0.1443      0.1356      0.1555      0.1356      0.1555      0.1457
   286  177  171  170         0.1443      0.1356      0.1555      0.1457      0.1443      0.1457
   287  178  179  172         0.1555      0.1356      0.1668      0.1356      0.1667      0.1457
   288  178  172  171         0.1555      0.1356      0.1667      0.1457      0.1555      0.1457
   289  179  180  173         0.1668      0.1356      0.1780      0.1356      0.1780      0.1457
   290  179  173  172         0.1668      0.1356      0.1780      0.1457      0.1667      0.1457
   291  180  181  174         0.1780      0.1356      0.1893      0.1356      0.1892      0.1457
   292  180  174  173         0.1780      0.1356      0.1892      0.1457      0.1780      0.1457
   293  181  182  175         0.1893      0.1356      0.2005      0.1356      0.2005      0.1457
   294  181  175  174         0.1893      0.1356      0.2005      0.1457      0.1892      0.1457
   295  182  183  176         0.2005      0.1356      0.2117      0.1356      0.2117      0.1457
   296  182  176  175         0.2005      0.1356      0.2117      0.1457      0.2005      0.1457
   297  169  184  177         0.1330      0.1254      0.1442      0.1254      0.1443      0.1356
   298  169  177  160         0.1330      0.1254      0.1443      0.1356      0.1330      0.1356
   299  184  185  178         0.1442      0.1254      0.1555      0.1254      0.1555      0.1356
   300  184  178  177         0.1442      0.1254      0.1555      0.1356      0.1443      0.1356
   301  185  186  179         0.1555      0.1254      0.1667      0.1254      0.1668      0.1356
   302  185  179  178         0.1555      0.1254      0.1668      0.1356      0.1555      0.1356
   303  186  187  180         0.1667      0.1254      0.1780      0.1254      0.1780      0.1356
   304  186  180  179         0.1667      0.1254      0.1780      0.1356      0.1668      0.1356
   305  187  188  181         0.1780      0.1254      0.1892      0.1254      0.1893      0.1356
   306  187  181  180         0.1780      0.1254      0.1893      0.1356      0.1780      0.1356
   307  188  189  182         0.1892      0.1254      0.2005      0.1254      0.2005      0.1356
   308  188  182  181         0.1892      0.1254      0.2005      0.1356      0.1893      0.1356
   309  189  190  183         0.2005      0.1254      0.2117      0.1254      0.2117      0.1356
   310  189  183  182         0.2005      0.1254      0.2117      0.1356      0.2005      0.1356
   311   30   85  184         0.1330      0.1152      0.1443      0.1153      0.1442      0.1254
   312   30  184  169         0.1330      0.1152      0.1442      0.1254      0.1330      0.1254
   313   85   86  185         0.1443      0.1153      0.1555      0.1152      0.1555      0.1254
   314   85  185  184         0.1443      0.1153      0.1555      0.1254      0.1442      0.1254
   315   86   87  186         0.1555      0.1152      0.1667      0.1152      0.1667      0.1254
   316   86  186  185         0.1555      0.1152      0.1667      0.1254      0.1555      0.1254
   317   87   88  187         0.1667      0.1152      0.1780      0.1152      0.1780      0.1254
   318   87  187  186         0.1667      0.1152      0.1780      0.1254      0.1667      0.1254
   319   88   89  188         0.1780      0.1152      0.1892      0.1152      0.1892      0.1254
   320   88  188  187         0.1780      0.1152      0.1892      0.1254      0.1780      0.1254
   321   89   90  189         0.1892      0.1152      0.2005      0.1152      0.2005      0.1254
   322   89  189  188         0.1892      0.1152      0.2005      0.1254      0.1892      0.1254
   323   90   91  190         0.2005      0.1152      0.2117      0.1152      0.2117      0.1254
   324   90  190  189         0.2005      0.1152      0.2117      0.1254      0.2005      0.1254
1

 ***  REGION  7  ****
           7 ROWS           3 COLUMNS
          BOUNDARY NODE NUMBERS             23   24   25   31   36   35   34   30


 REGION NODE NUMBERS

   191  192  193
   194  195  196
   197  198  199
   200  201  202
   203  204  205
   206  207  208
   134  135  136


   NEL  NODE NUMBERS         X(1)        Y(1)        X(2)        Y(2)        X(3)        Y(3)
   325  194  195  192         0.0000      0.2120      0.0049      0.2120      0.0049      0.2253
   326  194  192  191         0.0000      0.2120      0.0049      0.2253      0.0000      0.2253
   327  195  196  193         0.0049      0.2120      0.0098      0.2120      0.0097      0.2253
   328  195  193  192         0.0049      0.2120      0.0097      0.2253      0.0049      0.2253
   329  197  198  195         0.0000      0.1988      0.0049      0.1988      0.0049      0.2120
   330  197  195  194         0.0000      0.1988      0.0049      0.2120      0.0000      0.2120
   331  198  199  196         0.0049      0.1988      0.0097      0.1988      0.0098      0.2120
   332  198  196  195         0.0049      0.1988      0.0098      0.2120      0.0049      0.2120
   333  200  201  198         0.0000      0.1855      0.0049      0.1855      0.0049      0.1988
   334  200  198  197         0.0000      0.1855      0.0049      0.1988      0.0000      0.1988
   335  201  202  199         0.0049      0.1855      0.0097      0.1855      0.0097      0.1988
   336  201  199  198         0.0049      0.1855      0.0097      0.1988      0.0049      0.1988
   337  203  204  201         0.0000      0.1722      0.0049      0.1722      0.0049      0.1855
   338  203  201  200         0.0000      0.1722      0.0049      0.1855      0.0000      0.1855
   339  204  205  202         0.0049      0.1722      0.0097      0.1722      0.0097      0.1855
   340  204  202  201         0.0049      0.1722      0.0097      0.1855      0.0049      0.1855
   341  206  207  204         0.0000      0.1590      0.0049      0.1590      0.0049      0.1722
   342  206  204  203         0.0000      0.1590      0.0049      0.1722      0.0000      0.1722
   343  207  208  205         0.0049      0.1590      0.0097      0.1590      0.0097      0.1722
   344  207  205  204         0.0049      0.1590      0.0097      0.1722      0.0049      0.1722
   345  134  135  207         0.0000      0.1457      0.0049      0.1457      0.0049      0.1590
   346  134  207  206         0.0000      0.1457      0.0049      0.1590      0.0000      0.1590
   347  135  136  208         0.0049      0.1457      0.0097      0.1457      0.0097      0.1590
   348  135  208  207         0.0049      0.1457      0.0097      0.1590      0.0049      0.1590
1

 ***  REGION  8  ****
           7 ROWS          10 COLUMNS
          BOUNDARY NODE NUMBERS             25   26   27   32   38   37   36   31


 REGION NODE NUMBERS

   193  209  210  211  212  213  214  215  216  217
   196  218  219  220  221  222  223  224  225  226
   199  227  228  229  230  231  232  233  234  235
   202  236  237  238  239  240  241  242  243  244
   205  245  246  247  248  249  250  251  252  253
   208  254  255  256  257  258  259  260  261  262
   136  143  144  145  146  147  148  149  150  151


   NEL  NODE NUMBERS         X(1)        Y(1)        X(2)        Y(2)        X(3)        Y(3)
   349  196  218  209         0.0098      0.2120      0.0234      0.2120      0.0234      0.2252
   350  196  209  193         0.0098      0.2120      0.0234      0.2252      0.0097      0.2253
   351  218  219  210         0.0234      0.2120      0.0371      0.2120      0.0371      0.2253
   352  218  210  209         0.0234      0.2120      0.0371      0.2253      0.0234      0.2252
   353  219  220  211         0.0371      0.2120      0.0508      0.2120      0.0508      0.2253
   354  219  211  210         0.0371      0.2120      0.0508      0.2253      0.0371      0.2253
   355  220  221  212         0.0508      0.2120      0.0645      0.2120      0.0645      0.2252
   356  220  212  211         0.0508      0.2120      0.0645      0.2252      0.0508      0.2253
   357  221  222  213         0.0645      0.2120      0.0782      0.2120      0.0782      0.2252
   358  221  213  212         0.0645      0.2120      0.0782      0.2252      0.0645      0.2252
   359  222  223  214         0.0782      0.2120      0.0919      0.2120      0.0919      0.2252
   360  222  214  213         0.0782      0.2120      0.0919      0.2252      0.0782      0.2252
   361  223  224  215         0.0919      0.2120      0.1056      0.2120      0.1056      0.2253
   362  223  215  214         0.0919      0.2120      0.1056      0.2253      0.0919      0.2252
   363  224  225  216         0.1056      0.2120      0.1193      0.2120      0.1193      0.2253
   364  224  216  215         0.1056      0.2120      0.1193      0.2253      0.1056      0.2253
   365  225  226  217         0.1193      0.2120      0.1330      0.2120      0.1330      0.2253
   366  225  217  216         0.1193      0.2120      0.1330      0.2253      0.1193      0.2253
   367  199  227  218         0.0097      0.1988      0.0234      0.1987      0.0234      0.2120
   368  199  218  196         0.0097      0.1988      0.0234      0.2120      0.0098      0.2120
   369  227  228  219         0.0234      0.1987      0.0371      0.1987      0.0371      0.2120
   370  227  219  218         0.0234      0.1987      0.0371      0.2120      0.0234      0.2120
   371  228  229  220         0.0371      0.1987      0.0508      0.1988      0.0508      0.2120
   372  228  220  219         0.0371      0.1987      0.0508      0.2120      0.0371      0.2120
   373  229  230  221         0.0508      0.1988      0.0645      0.1987      0.0645      0.2120
   374  229  221  220         0.0508      0.1988      0.0645      0.2120      0.0508      0.2120
   375  230  231  222         0.0645      0.1987      0.0782      0.1987      0.0782      0.2120
   376  230  222  221         0.0645      0.1987      0.0782      0.2120      0.0645      0.2120
   377  231  232  223         0.0782      0.1987      0.0919      0.1988      0.0919      0.2120
   378  231  223  222         0.0782      0.1987      0.0919      0.2120      0.0782      0.2120
   379  232  233  224         0.0919      0.1988      0.1056      0.1988      0.1056      0.2120
   380  232  224  223         0.0919      0.1988      0.1056      0.2120      0.0919      0.2120
   381  233  234  225         0.1056      0.1988      0.1193      0.1988      0.1193      0.2120
   382  233  225  224         0.1056      0.1988      0.1193      0.2120      0.1056      0.2120
   383  234  235  226         0.1193      0.1988      0.1330      0.1988      0.1330      0.2120
   384  234  226  225         0.1193      0.1988      0.1330      0.2120      0.1193      0.2120
   385  202  236  227         0.0097      0.1855      0.0234      0.1855      0.0234      0.1987
   386  202  227  199         0.0097      0.1855      0.0234      0.1987      0.0097      0.1988
   387  236  237  228         0.0234      0.1855      0.0371      0.1855      0.0371      0.1987
   388  236  228  227         0.0234      0.1855      0.0371      0.1987      0.0234      0.1987
   389  237  238  229         0.0371      0.1855      0.0508      0.1855      0.0508      0.1988
   390  237  229  228         0.0371      0.1855      0.0508      0.1988      0.0371      0.1987
   391  238  239  230         0.0508      0.1855      0.0645      0.1855      0.0645      0.1987
   392  238  230  229         0.0508      0.1855      0.0645      0.1987      0.0508      0.1988
   393  239  240  231         0.0645      0.1855      0.0782      0.1855      0.0782      0.1987
   394  239  231  230         0.0645      0.1855      0.0782      0.1987      0.0645      0.1987
   395  240  241  232         0.0782      0.1855      0.0919      0.1855      0.0919      0.1988
   396  240  232  231         0.0782      0.1855      0.0919      0.1988      0.0782      0.1987
   397  241  242  233         0.0919      0.1855      0.1056      0.1855      0.1056      0.1988
   398  241  233  232         0.0919      0.1855      0.1056      0.1988      0.0919      0.1988
   399  242  243  234         0.1056      0.1855      0.1193      0.1855      0.1193      0.1988
   400  242  234  233         0.1056      0.1855      0.1193      0.1988      0.1056      0.1988
   401  243  244  235         0.1193      0.1855      0.1330      0.1855      0.1330      0.1988
   402  243  235  234         0.1193      0.1855      0.1330      0.1988      0.1193      0.1988
   403  205  245  236         0.0098      0.1722      0.0234      0.1722      0.0234      0.1855
   404  205  236  202         0.0098      0.1722      0.0234      0.1855      0.0097      0.1855
   405  245  246  237         0.0234      0.1722      0.0371      0.1722      0.0371      0.1855
   406  245  237  236         0.0234      0.1722      0.0371      0.1855      0.0234      0.1855
   407  246  247  238         0.0371      0.1722      0.0508      0.1723      0.0508      0.1855
   408  246  238  237         0.0371      0.1722      0.0508      0.1855      0.0371      0.1855
   409  247  248  239         0.0508      0.1723      0.0645      0.1723      0.0645      0.1855
   410  247  239  238         0.0508      0.1723      0.0645      0.1855      0.0508      0.1855
   411  248  249  240         0.0645      0.1723      0.0782      0.1723      0.0782      0.1855
   412  248  240  239         0.0645      0.1723      0.0782      0.1855      0.0645      0.1855
   413  249  250  241         0.0782      0.1723      0.0919      0.1722      0.0919      0.1855
   414  249  241  240         0.0782      0.1723      0.0919      0.1855      0.0782      0.1855
   415  250  251  242         0.0919      0.1722      0.1056      0.1723      0.1056      0.1855
   416  250  242  241         0.0919      0.1722      0.1056      0.1855      0.0919      0.1855
   417  251  252  243         0.1056      0.1723      0.1193      0.1723      0.1193      0.1855
   418  251  243  242         0.1056      0.1723      0.1193      0.1855      0.1056      0.1855
   419  252  253  244         0.1193      0.1723      0.1330      0.1722      0.1330      0.1855
   420  252  244  243         0.1193      0.1723      0.1330      0.1855      0.1193      0.1855
   421  208  254  245         0.0098      0.1590      0.0234      0.1590      0.0234      0.1722
   422  208  245  205         0.0098      0.1590      0.0234      0.1722      0.0098      0.1722
   423  254  255  246         0.0234      0.1590      0.0371      0.1590      0.0371      0.1722
   424  254  246  245         0.0234      0.1590      0.0371      0.1722      0.0234      0.1722
   425  255  256  247         0.0371      0.1590      0.0508      0.1590      0.0508      0.1723
   426  255  247  246         0.0371      0.1590      0.0508      0.1723      0.0371      0.1722
   427  256  257  248         0.0508      0.1590      0.0645      0.1590      0.0645      0.1723
   428  256  248  247         0.0508      0.1590      0.0645      0.1723      0.0508      0.1723
   429  257  258  249         0.0645      0.1590      0.0782      0.1590      0.0782      0.1723
   430  257  249  248         0.0645      0.1590      0.0782      0.1723      0.0645      0.1723
   431  258  259  250         0.0782      0.1590      0.0919      0.1590      0.0919      0.1722
   432  258  250  249         0.0782      0.1590      0.0919      0.1722      0.0782      0.1723
   433  259  260  251         0.0919      0.1590      0.1056      0.1590      0.1056      0.1723
   434  259  251  250         0.0919      0.1590      0.1056      0.1723      0.0919      0.1722
   435  260  261  252         0.1056      0.1590      0.1193      0.1590      0.1193      0.1723
   436  260  252  251         0.1056      0.1590      0.1193      0.1723      0.1056      0.1723
   437  261  262  253         0.1193      0.1590      0.1330      0.1590      0.1330      0.1722
   438  261  253  252         0.1193      0.1590      0.1330      0.1722      0.1193      0.1723
   439  136  143  254         0.0097      0.1457      0.0234      0.1457      0.0234      0.1590
   440  136  254  208         0.0097      0.1457      0.0234      0.1590      0.0098      0.1590
   441  143  144  255         0.0234      0.1457      0.0371      0.1457      0.0371      0.1590
   442  143  255  254         0.0234      0.1457      0.0371      0.1590      0.0234      0.1590
   443  144  145  256         0.0371      0.1457      0.0508      0.1457      0.0508      0.1590
   444  144  256  255         0.0371      0.1457      0.0508      0.1590      0.0371      0.1590
   445  145  146  257         0.0508      0.1457      0.0645      0.1457      0.0645      0.1590
   446  145  257  256         0.0508      0.1457      0.0645      0.1590      0.0508      0.1590
   447  146  147  258         0.0645      0.1457      0.0782      0.1457      0.0782      0.1590
   448  146  258  257         0.0645      0.1457      0.0782      0.1590      0.0645      0.1590
   449  147  148  259         0.0782      0.1457      0.0919      0.1457      0.0919      0.1590
   450  147  259  258         0.0782      0.1457      0.0919      0.1590      0.0782      0.1590
   451  148  149  260         0.0919      0.1457      0.1056      0.1457      0.1056      0.1590
   452  148  260  259         0.0919      0.1457      0.1056      0.1590      0.0919      0.1590
   453  149  150  261         0.1056      0.1457      0.1193      0.1457      0.1193      0.1590
   454  149  261  260         0.1056      0.1457      0.1193      0.1590      0.1056      0.1590
   455  150  151  262         0.1193      0.1457      0.1330      0.1457      0.1330      0.1590
   456  150  262  261         0.1193      0.1457      0.1330      0.1590      0.1193      0.1590
1

 ***  REGION  9  ****
           7 ROWS           8 COLUMNS
          BOUNDARY NODE NUMBERS             27   28   29   33   40   39   38   32


 REGION NODE NUMBERS

   217  263  264  265  266  267  268  269
   226  270  271  272  273  274  275  276
   235  277  278  279  280  281  282  283
   244  284  285  286  287  288  289  290
   253  291  292  293  294  295  296  297
   262  298  299  300  301  302  303  304
   151  170  171  172  173  174  175  176


   NEL  NODE NUMBERS         X(1)        Y(1)        X(2)        Y(2)        X(3)        Y(3)
   457  226  270  217         0.1330      0.2120      0.1483      0.2128      0.1330      0.2253
   458  270  263  217         0.1483      0.2128      0.1491      0.2253      0.1330      0.2253
   459  270  271  263         0.1483      0.2128      0.1622      0.2136      0.1491      0.2253
   460  271  264  263         0.1622      0.2136      0.1635      0.2253      0.1491      0.2253
   461  271  272  264         0.1622      0.2136      0.1748      0.2144      0.1635      0.2253
   462  272  265  264         0.1748      0.2144      0.1764      0.2252      0.1635      0.2253
   463  272  273  265         0.1748      0.2144      0.1860      0.2152      0.1764      0.2252
   464  273  266  265         0.1860      0.2152      0.1876      0.2252      0.1764      0.2252
   465  273  274  266         0.1860      0.2152      0.1959      0.2159      0.1876      0.2252
   466  274  267  266         0.1959      0.2159      0.1973      0.2253      0.1876      0.2252
   467  274  275  267         0.1959      0.2159      0.2045      0.2167      0.1973      0.2253
   468  275  268  267         0.2045      0.2167      0.2053      0.2253      0.1973      0.2253
   469  275  276  268         0.2045      0.2167      0.2117      0.2175      0.2053      0.2253
   470  276  269  268         0.2117      0.2175      0.2117      0.2253      0.2053      0.2253
   471  235  277  226         0.1330      0.1988      0.1475      0.2000      0.1330      0.2120
   472  277  270  226         0.1475      0.2000      0.1483      0.2128      0.1330      0.2120
   473  277  278  270         0.1475      0.2000      0.1609      0.2013      0.1483      0.2128
   474  278  271  270         0.1609      0.2013      0.1622      0.2136      0.1483      0.2128
   475  278  279  271         0.1609      0.2013      0.1732      0.2025      0.1622      0.2136
   476  279  272  271         0.1732      0.2025      0.1748      0.2144      0.1622      0.2136
   477  279  280  272         0.1732      0.2025      0.1844      0.2038      0.1748      0.2144
   478  280  273  272         0.1844      0.2038      0.1860      0.2152      0.1748      0.2144
   479  280  281  273         0.1844      0.2038      0.1946      0.2051      0.1860      0.2152
   480  281  274  273         0.1946      0.2051      0.1959      0.2159      0.1860      0.2152
   481  281  282  274         0.1946      0.2051      0.2037      0.2063      0.1959      0.2159
   482  282  275  274         0.2037      0.2063      0.2045      0.2167      0.1959      0.2159
   483  282  283  275         0.2037      0.2063      0.2117      0.2076      0.2045      0.2167
   484  283  276  275         0.2117      0.2076      0.2117      0.2175      0.2045      0.2167
   485  244  284  235         0.1330      0.1855      0.1467      0.1869      0.1330      0.1988
   486  284  277  235         0.1467      0.1869      0.1475      0.2000      0.1330      0.1988
   487  284  285  277         0.1467      0.1869      0.1595      0.1883      0.1475      0.2000
   488  285  278  277         0.1595      0.1883      0.1609      0.2013      0.1475      0.2000
   489  285  286  278         0.1595      0.1883      0.1716      0.1898      0.1609      0.2013
   490  286  279  278         0.1716      0.1898      0.1732      0.2025      0.1609      0.2013
   491  286  287  279         0.1716      0.1898      0.1828      0.1912      0.1732      0.2025
   492  287  280  279         0.1828      0.1912      0.1844      0.2038      0.1732      0.2025
   493  287  288  280         0.1828      0.1912      0.1933      0.1926      0.1844      0.2038
   494  288  281  280         0.1933      0.1926      0.1946      0.2051      0.1844      0.2038
   495  288  289  281         0.1933      0.1926      0.2029      0.1940      0.1946      0.2051
   496  289  282  281         0.2029      0.1940      0.2037      0.2063      0.1946      0.2051
   497  289  290  282         0.2029      0.1940      0.2117      0.1954      0.2037      0.2063
   498  290  283  282         0.2117      0.1954      0.2117      0.2076      0.2037      0.2063
   499  253  291  244         0.1330      0.1722      0.1459      0.1735      0.1330      0.1855
   500  291  284  244         0.1459      0.1735      0.1467      0.1869      0.1330      0.1855
   501  291  292  284         0.1459      0.1735      0.1582      0.1748      0.1467      0.1869
   502  292  285  284         0.1582      0.1748      0.1595      0.1883      0.1467      0.1869
   503  292  293  285         0.1582      0.1748      0.1700      0.1760      0.1595      0.1883
   504  293  286  285         0.1700      0.1760      0.1716      0.1898      0.1595      0.1883
   505  293  294  286         0.1700      0.1760      0.1812      0.1773      0.1716      0.1898
   506  294  287  286         0.1812      0.1773      0.1828      0.1912      0.1716      0.1898
   507  294  295  287         0.1812      0.1773      0.1919      0.1786      0.1828      0.1912
   508  295  288  287         0.1919      0.1786      0.1933      0.1926      0.1828      0.1912
   509  295  296  288         0.1919      0.1786      0.2021      0.1798      0.1933      0.1926
   510  296  289  288         0.2021      0.1798      0.2029      0.1940      0.1933      0.1926
   511  296  297  289         0.2021      0.1798      0.2117      0.1811      0.2029      0.1940
   512  297  290  289         0.2117      0.1811      0.2117      0.1954      0.2029      0.1940
   513  262  298  253         0.1330      0.1590      0.1451      0.1598      0.1330      0.1722
   514  298  291  253         0.1451      0.1598      0.1459      0.1735      0.1330      0.1722
   515  298  299  291         0.1451      0.1598      0.1568      0.1606      0.1459      0.1735
   516  299  292  291         0.1568      0.1606      0.1582      0.1748      0.1459      0.1735
   517  299  300  292         0.1568      0.1606      0.1684      0.1614      0.1582      0.1748
   518  300  293  292         0.1684      0.1614      0.1700      0.1760      0.1582      0.1748
   519  300  301  293         0.1684      0.1614      0.1796      0.1622      0.1700      0.1760
   520  301  294  293         0.1796      0.1622      0.1812      0.1773      0.1700      0.1760
   521  301  302  294         0.1796      0.1622      0.1906      0.1629      0.1812      0.1773
   522  302  295  294         0.1906      0.1629      0.1919      0.1786      0.1812      0.1773
   523  302  303  295         0.1906      0.1629      0.2013      0.1637      0.1919      0.1786
   524  303  296  295         0.2013      0.1637      0.2021      0.1798      0.1919      0.1786
   525  303  304  296         0.2013      0.1637      0.2117      0.1645      0.2021      0.1798
   526  304  297  296         0.2117      0.1645      0.2117      0.1811      0.2021      0.1798
   527  151  170  262         0.1330      0.1457      0.1443      0.1457      0.1330      0.1590
   528  170  298  262         0.1443      0.1457      0.1451      0.1598      0.1330      0.1590
   529  170  171  298         0.1443      0.1457      0.1555      0.1458      0.1451      0.1598
   530  171  299  298         0.1555      0.1458      0.1568      0.1606      0.1451      0.1598
   531  171  172  299         0.1555      0.1458      0.1667      0.1457      0.1568      0.1606
   532  172  300  299         0.1667      0.1457      0.1684      0.1614      0.1568      0.1606
   533  172  173  300         0.1667      0.1457      0.1780      0.1457      0.1684      0.1614
   534  173  301  300         0.1780      0.1457      0.1796      0.1622      0.1684      0.1614
   535  173  174  301         0.1780      0.1457      0.1892      0.1457      0.1796      0.1622
   536  174  302  301         0.1892      0.1457      0.1906      0.1629      0.1796      0.1622
   537  174  175  302         0.1892      0.1457      0.2005      0.1457      0.1906      0.1629
   538  175  303  302         0.2005      0.1457      0.2013      0.1637      0.1906      0.1629
   539  175  176  303         0.2005      0.1457      0.2117      0.1457      0.2013      0.1637
   540  176  304  303         0.2117      0.1457      0.2117      0.1645      0.2013      0.1637


 BANDWIDTH QUANTITY IS 159 CALCULATED IN ELEMENT 265
