

           ELEMENT GENERATION PROCEDURE  
 GLOBAL COORDINATES  
 NUMBER             X COORD	   Y COORD  
    1          0.00        0.00
    2          0.00        0.00
    3          0.01        0.00
    4          0.03        0.00
    5          0.04        0.00
    6          0.00        0.04
    7          0.01        0.04
    8          0.04        0.04
    9          0.00        0.07
   10          0.00        0.07
   11          0.01        0.07
   12          0.03        0.07
   13          0.04        0.07
   14          0.09        0.07
   15          0.13        0.07
   16          0.15        0.07
   17          0.17        0.07
   18          0.00        0.09
   19          0.01        0.09
   20          0.04        0.09
   21          0.13        0.09
   22          0.17        0.09
   23          0.00        0.11
   24          0.00        0.11
   25          0.01        0.11
   26          0.03        0.11
   27          0.04        0.11
   28          0.09        0.11
   29          0.13        0.11
   30          0.15        0.11
   31          0.17        0.11
   32          0.00        0.12
   33          0.01        0.12
   34          0.04        0.12
   35          0.13        0.12
   36          0.17        0.12
   37          0.00        0.13
   38          0.00        0.13
   39          0.01        0.13
   40          0.03        0.13
   41          0.04        0.13
   42          0.09        0.13
   43          0.13        0.13
   44          0.15        0.13
   45          0.17        0.13
   46          0.00        0.15
   47          0.01        0.15
   48          0.04        0.15
   49          0.13        0.15
   50          0.17        0.15
   51          0.00        0.17
   52          0.00        0.17
   53          0.01        0.17
   54          0.03        0.17
   55          0.04        0.17
   56          0.09        0.17
   57          0.13        0.17
   58          0.15        0.17
   59          0.17        0.17


 CONNECTIVITY DATA
 REGION    SIDE   1	   2      	    3	   4  
    1               3      0      0      2
    2               4      1      0      0
    3               7      0      1      4
    4               8      3      2      5
    5               4      0      6      9
    6               5      0      0     10
    7              11      0      3      8
    8              12      7      4      9
    9               8      5     10     13
   10               9      6      0     14
   11               0      0      7     12
   12               0     11      8     13
   13              12      9     14      0
   14              13     10      0      0
1

 ***  REGION  1  ****
           8 ROWS           2 COLUMNS
          BOUNDARY NODE NUMBERS             11   10    9    6    1    2    3    7


 REGION NODE NUMBERS

     1    2
     3    4
     5    6
     7    8
     9   10
    11   12
    13   14
    15   16


   NEL  NODE NUMBERS         X(1)        Y(1)        X(2)        Y(2)        X(3)        Y(3)
     1    3    4    2         0.0060      0.0106      0.0000      0.0106      0.0000      0.0000
     2    3    2    1         0.0060      0.0106      0.0000      0.0000      0.0060      0.0000
     3    5    6    4         0.0060      0.0212      0.0000      0.0212      0.0000      0.0106
     4    5    4    3         0.0060      0.0212      0.0000      0.0106      0.0060      0.0106
     5    7    8    6         0.0060      0.0318      0.0000      0.0318      0.0000      0.0212
     6    7    6    5         0.0060      0.0318      0.0000      0.0212      0.0060      0.0212
     7    9   10    8         0.0060      0.0425      0.0000      0.0425      0.0000      0.0318
     8    9    8    7         0.0060      0.0425      0.0000      0.0318      0.0060      0.0318
     9   11   12   10         0.0060      0.0531      0.0000      0.0531      0.0000      0.0425
    10   11   10    9         0.0060      0.0531      0.0000      0.0425      0.0060      0.0425
    11   13   14   12         0.0060      0.0637      0.0000      0.0637      0.0000      0.0531
    12   13   12   11         0.0060      0.0637      0.0000      0.0531      0.0060      0.0531
    13   15   16   14         0.0060      0.0743      0.0000      0.0743      0.0000      0.0637
    14   15   14   13         0.0060      0.0743      0.0000      0.0637      0.0060      0.0637
1

 ***  REGION  2  ****
           8 ROWS           7 COLUMNS
          BOUNDARY NODE NUMBERS             13   12   11    7    3    4    5    8


 REGION NODE NUMBERS

    17   18   19   20   21   22    1
    23   24   25   26   27   28    3
    29   30   31   32   33   34    5
    35   36   37   38   39   40    7
    41   42   43   44   45   46    9
    47   48   49   50   51   52   11
    53   54   55   56   57   58   13
    59   60   61   62   63   64   15


   NEL  NODE NUMBERS         X(1)        Y(1)        X(2)        Y(2)        X(3)        Y(3)
    15   23   24   18         0.0441      0.0106      0.0377      0.0106      0.0377      0.0000
    16   23   18   17         0.0441      0.0106      0.0377      0.0000      0.0441      0.0000
    17   24   25   19         0.0377      0.0106      0.0314      0.0106      0.0314      0.0000
    18   24   19   18         0.0377      0.0106      0.0314      0.0000      0.0377      0.0000
    19   25   26   20         0.0314      0.0106      0.0250      0.0106      0.0250      0.0000
    20   25   20   19         0.0314      0.0106      0.0250      0.0000      0.0314      0.0000
    21   26   27   21         0.0250      0.0106      0.0187      0.0106      0.0187      0.0000
    22   26   21   20         0.0250      0.0106      0.0187      0.0000      0.0250      0.0000
    23   27   28   22         0.0187      0.0106      0.0123      0.0106      0.0123      0.0000
    24   27   22   21         0.0187      0.0106      0.0123      0.0000      0.0187      0.0000
    25   28    3    1         0.0123      0.0106      0.0060      0.0106      0.0060      0.0000
    26   28    1   22         0.0123      0.0106      0.0060      0.0000      0.0123      0.0000
    27   29   30   24         0.0441      0.0212      0.0377      0.0212      0.0377      0.0106
    28   29   24   23         0.0441      0.0212      0.0377      0.0106      0.0441      0.0106
    29   30   31   25         0.0377      0.0212      0.0314      0.0212      0.0314      0.0106
    30   30   25   24         0.0377      0.0212      0.0314      0.0106      0.0377      0.0106
    31   31   32   26         0.0314      0.0212      0.0250      0.0212      0.0250      0.0106
    32   31   26   25         0.0314      0.0212      0.0250      0.0106      0.0314      0.0106
    33   32   33   27         0.0250      0.0212      0.0187      0.0212      0.0187      0.0106
    34   32   27   26         0.0250      0.0212      0.0187      0.0106      0.0250      0.0106
    35   33   34   28         0.0187      0.0212      0.0123      0.0212      0.0123      0.0106
    36   33   28   27         0.0187      0.0212      0.0123      0.0106      0.0187      0.0106
    37   34    5    3         0.0123      0.0212      0.0060      0.0212      0.0060      0.0106
    38   34    3   28         0.0123      0.0212      0.0060      0.0106      0.0123      0.0106
    39   35   36   30         0.0441      0.0318      0.0377      0.0318      0.0377      0.0212
    40   35   30   29         0.0441      0.0318      0.0377      0.0212      0.0441      0.0212
    41   36   37   31         0.0377      0.0318      0.0314      0.0318      0.0314      0.0212
    42   36   31   30         0.0377      0.0318      0.0314      0.0212      0.0377      0.0212
    43   37   38   32         0.0314      0.0318      0.0250      0.0318      0.0250      0.0212
    44   37   32   31         0.0314      0.0318      0.0250      0.0212      0.0314      0.0212
    45   38   39   33         0.0250      0.0318      0.0187      0.0318      0.0187      0.0212
    46   38   33   32         0.0250      0.0318      0.0187      0.0212      0.0250      0.0212
    47   39   40   34         0.0187      0.0318      0.0123      0.0318      0.0123      0.0212
    48   39   34   33         0.0187      0.0318      0.0123      0.0212      0.0187      0.0212
    49   40    7    5         0.0123      0.0318      0.0060      0.0318      0.0060      0.0212
    50   40    5   34         0.0123      0.0318      0.0060      0.0212      0.0123      0.0212
    51   41   42   36         0.0441      0.0425      0.0377      0.0425      0.0377      0.0318
    52   41   36   35         0.0441      0.0425      0.0377      0.0318      0.0441      0.0318
    53   42   43   37         0.0377      0.0425      0.0314      0.0425      0.0314      0.0318
    54   42   37   36         0.0377      0.0425      0.0314      0.0318      0.0377      0.0318
    55   43   44   38         0.0314      0.0425      0.0250      0.0425      0.0250      0.0318
    56   43   38   37         0.0314      0.0425      0.0250      0.0318      0.0314      0.0318
    57   44   45   39         0.0250      0.0425      0.0187      0.0425      0.0187      0.0318
    58   44   39   38         0.0250      0.0425      0.0187      0.0318      0.0250      0.0318
    59   45   46   40         0.0187      0.0425      0.0123      0.0425      0.0123      0.0318
    60   45   40   39         0.0187      0.0425      0.0123      0.0318      0.0187      0.0318
    61   46    9    7         0.0123      0.0425      0.0060      0.0425      0.0060      0.0318
    62   46    7   40         0.0123      0.0425      0.0060      0.0318      0.0123      0.0318
    63   47   48   42         0.0441      0.0531      0.0377      0.0531      0.0377      0.0425
    64   47   42   41         0.0441      0.0531      0.0377      0.0425      0.0441      0.0425
    65   48   49   43         0.0377      0.0531      0.0314      0.0531      0.0314      0.0425
    66   48   43   42         0.0377      0.0531      0.0314      0.0425      0.0377      0.0425
    67   49   50   44         0.0314      0.0531      0.0250      0.0531      0.0250      0.0425
    68   49   44   43         0.0314      0.0531      0.0250      0.0425      0.0314      0.0425
    69   50   51   45         0.0250      0.0531      0.0187      0.0531      0.0187      0.0425
    70   50   45   44         0.0250      0.0531      0.0187      0.0425      0.0250      0.0425
    71   51   52   46         0.0187      0.0531      0.0123      0.0531      0.0123      0.0425
    72   51   46   45         0.0187      0.0531      0.0123      0.0425      0.0187      0.0425
    73   52   11    9         0.0123      0.0531      0.0060      0.0531      0.0060      0.0425
    74   52    9   46         0.0123      0.0531      0.0060      0.0425      0.0123      0.0425
    75   53   54   48         0.0441      0.0637      0.0377      0.0637      0.0377      0.0531
    76   53   48   47         0.0441      0.0637      0.0377      0.0531      0.0441      0.0531
    77   54   55   49         0.0377      0.0637      0.0314      0.0637      0.0314      0.0531
    78   54   49   48         0.0377      0.0637      0.0314      0.0531      0.0377      0.0531
    79   55   56   50         0.0314      0.0637      0.0250      0.0637      0.0250      0.0531
    80   55   50   49         0.0314      0.0637      0.0250      0.0531      0.0314      0.0531
    81   56   57   51         0.0250      0.0637      0.0187      0.0637      0.0187      0.0531
    82   56   51   50         0.0250      0.0637      0.0187      0.0531      0.0250      0.0531
    83   57   58   52         0.0187      0.0637      0.0123      0.0637      0.0123      0.0531
    84   57   52   51         0.0187      0.0637      0.0123      0.0531      0.0187      0.0531
    85   58   13   11         0.0123      0.0637      0.0060      0.0637      0.0060      0.0531
    86   58   11   52         0.0123      0.0637      0.0060      0.0531      0.0123      0.0531
    87   59   60   54         0.0441      0.0743      0.0377      0.0743      0.0377      0.0637
    88   59   54   53         0.0441      0.0743      0.0377      0.0637      0.0441      0.0637
    89   60   61   55         0.0377      0.0743      0.0314      0.0743      0.0314      0.0637
    90   60   55   54         0.0377      0.0743      0.0314      0.0637      0.0377      0.0637
    91   61   62   56         0.0314      0.0743      0.0250      0.0743      0.0250      0.0637
    92   61   56   55         0.0314      0.0743      0.0250      0.0637      0.0314      0.0637
    93   62   63   57         0.0250      0.0743      0.0187      0.0743      0.0187      0.0637
    94   62   57   56         0.0250      0.0743      0.0187      0.0637      0.0250      0.0637
    95   63   64   58         0.0187      0.0743      0.0123      0.0743      0.0123      0.0637
    96   63   58   57         0.0187      0.0743      0.0123      0.0637      0.0187      0.0637
    97   64   15   13         0.0123      0.0743      0.0060      0.0743      0.0060      0.0637
    98   64   13   58         0.0123      0.0743      0.0060      0.0637      0.0123      0.0637
1

 ***  REGION  3  ****
           8 ROWS           2 COLUMNS
          BOUNDARY NODE NUMBERS             25   24   23   18    9   10   11   19


 REGION NODE NUMBERS

    15   16
    65   66
    67   68
    69   70
    71   72
    73   74
    75   76
    77   78


   NEL  NODE NUMBERS         X(1)        Y(1)        X(2)        Y(2)        X(3)        Y(3)
    99   65   66   16         0.0060      0.0797      0.0000      0.0797      0.0000      0.0743
   100   65   16   15         0.0060      0.0797      0.0000      0.0743      0.0060      0.0743
   101   67   68   66         0.0060      0.0852      0.0000      0.0852      0.0000      0.0797
   102   67   66   65         0.0060      0.0852      0.0000      0.0797      0.0060      0.0797
   103   69   70   68         0.0060      0.0906      0.0000      0.0906      0.0000      0.0852
   104   69   68   67         0.0060      0.0906      0.0000      0.0852      0.0060      0.0852
   105   71   72   70         0.0060      0.0961      0.0000      0.0961      0.0000      0.0906
   106   71   70   69         0.0060      0.0961      0.0000      0.0906      0.0060      0.0906
   107   73   74   72         0.0060      0.1015      0.0000      0.1015      0.0000      0.0961
   108   73   72   71         0.0060      0.1015      0.0000      0.0961      0.0060      0.0961
   109   75   76   74         0.0060      0.1070      0.0000      0.1070      0.0000      0.1015
   110   75   74   73         0.0060      0.1070      0.0000      0.1015      0.0060      0.1015
   111   77   78   76         0.0060      0.1124      0.0000      0.1124      0.0000      0.1070
   112   77   76   75         0.0060      0.1124      0.0000      0.1070      0.0060      0.1070
1

 ***  REGION  4  ****
           8 ROWS           7 COLUMNS
          BOUNDARY NODE NUMBERS             27   26   25   19   11   12   13   20


 REGION NODE NUMBERS

    59   60   61   62   63   64   15
    79   80   81   82   83   84   65
    85   86   87   88   89   90   67
    91   92   93   94   95   96   69
    97   98   99  100  101  102   71
   103  104  105  106  107  108   73
   109  110  111  112  113  114   75
   115  116  117  118  119  120   77


   NEL  NODE NUMBERS         X(1)        Y(1)        X(2)        Y(2)        X(3)        Y(3)
   113   79   80   60         0.0441      0.0797      0.0377      0.0797      0.0377      0.0743
   114   79   60   59         0.0441      0.0797      0.0377      0.0743      0.0441      0.0743
   115   80   81   61         0.0377      0.0797      0.0314      0.0797      0.0314      0.0743
   116   80   61   60         0.0377      0.0797      0.0314      0.0743      0.0377      0.0743
   117   81   82   62         0.0314      0.0797      0.0250      0.0797      0.0250      0.0743
   118   81   62   61         0.0314      0.0797      0.0250      0.0743      0.0314      0.0743
   119   82   83   63         0.0250      0.0797      0.0187      0.0797      0.0187      0.0743
   120   82   63   62         0.0250      0.0797      0.0187      0.0743      0.0250      0.0743
   121   83   84   64         0.0187      0.0797      0.0123      0.0797      0.0123      0.0743
   122   83   64   63         0.0187      0.0797      0.0123      0.0743      0.0187      0.0743
   123   84   65   15         0.0123      0.0797      0.0060      0.0797      0.0060      0.0743
   124   84   15   64         0.0123      0.0797      0.0060      0.0743      0.0123      0.0743
   125   85   86   80         0.0441      0.0852      0.0377      0.0852      0.0377      0.0797
   126   85   80   79         0.0441      0.0852      0.0377      0.0797      0.0441      0.0797
   127   86   87   81         0.0377      0.0852      0.0314      0.0852      0.0314      0.0797
   128   86   81   80         0.0377      0.0852      0.0314      0.0797      0.0377      0.0797
   129   87   88   82         0.0314      0.0852      0.0250      0.0852      0.0250      0.0797
   130   87   82   81         0.0314      0.0852      0.0250      0.0797      0.0314      0.0797
   131   88   89   83         0.0250      0.0852      0.0187      0.0852      0.0187      0.0797
   132   88   83   82         0.0250      0.0852      0.0187      0.0797      0.0250      0.0797
   133   89   90   84         0.0187      0.0852      0.0123      0.0852      0.0123      0.0797
   134   89   84   83         0.0187      0.0852      0.0123      0.0797      0.0187      0.0797
   135   90   67   65         0.0123      0.0852      0.0060      0.0852      0.0060      0.0797
   136   90   65   84         0.0123      0.0852      0.0060      0.0797      0.0123      0.0797
   137   91   92   86         0.0441      0.0906      0.0377      0.0906      0.0377      0.0852
   138   91   86   85         0.0441      0.0906      0.0377      0.0852      0.0441      0.0852
   139   92   93   87         0.0377      0.0906      0.0314      0.0906      0.0314      0.0852
   140   92   87   86         0.0377      0.0906      0.0314      0.0852      0.0377      0.0852
   141   93   94   88         0.0314      0.0906      0.0250      0.0906      0.0250      0.0852
   142   93   88   87         0.0314      0.0906      0.0250      0.0852      0.0314      0.0852
   143   94   95   89         0.0250      0.0906      0.0187      0.0906      0.0187      0.0852
   144   94   89   88         0.0250      0.0906      0.0187      0.0852      0.0250      0.0852
   145   95   96   90         0.0187      0.0906      0.0123      0.0906      0.0123      0.0852
   146   95   90   89         0.0187      0.0906      0.0123      0.0852      0.0187      0.0852
   147   96   69   67         0.0123      0.0906      0.0060      0.0906      0.0060      0.0852
   148   96   67   90         0.0123      0.0906      0.0060      0.0852      0.0123      0.0852
   149   97   98   92         0.0441      0.0961      0.0377      0.0961      0.0377      0.0906
   150   97   92   91         0.0441      0.0961      0.0377      0.0906      0.0441      0.0906
   151   98   99   93         0.0377      0.0961      0.0314      0.0961      0.0314      0.0906
   152   98   93   92         0.0377      0.0961      0.0314      0.0906      0.0377      0.0906
   153   99  100   94         0.0314      0.0961      0.0250      0.0961      0.0250      0.0906
   154   99   94   93         0.0314      0.0961      0.0250      0.0906      0.0314      0.0906
   155  100  101   95         0.0250      0.0961      0.0187      0.0961      0.0187      0.0906
   156  100   95   94         0.0250      0.0961      0.0187      0.0906      0.0250      0.0906
   157  101  102   96         0.0187      0.0961      0.0123      0.0961      0.0123      0.0906
   158  101   96   95         0.0187      0.0961      0.0123      0.0906      0.0187      0.0906
   159  102   71   69         0.0123      0.0961      0.0060      0.0961      0.0060      0.0906
   160  102   69   96         0.0123      0.0961      0.0060      0.0906      0.0123      0.0906
   161  103  104   98         0.0441      0.1015      0.0377      0.1015      0.0377      0.0961
   162  103   98   97         0.0441      0.1015      0.0377      0.0961      0.0441      0.0961
   163  104  105   99         0.0377      0.1015      0.0314      0.1015      0.0314      0.0961
   164  104   99   98         0.0377      0.1015      0.0314      0.0961      0.0377      0.0961
   165  105  106  100         0.0314      0.1015      0.0250      0.1015      0.0250      0.0961
   166  105  100   99         0.0314      0.1015      0.0250      0.0961      0.0314      0.0961
   167  106  107  101         0.0250      0.1015      0.0187      0.1015      0.0187      0.0961
   168  106  101  100         0.0250      0.1015      0.0187      0.0961      0.0250      0.0961
   169  107  108  102         0.0187      0.1015      0.0123      0.1015      0.0123      0.0961
   170  107  102  101         0.0187      0.1015      0.0123      0.0961      0.0187      0.0961
   171  108   73   71         0.0123      0.1015      0.0060      0.1015      0.0060      0.0961
   172  108   71  102         0.0123      0.1015      0.0060      0.0961      0.0123      0.0961
   173  109  110  104         0.0441      0.1070      0.0377      0.1070      0.0377      0.1015
   174  109  104  103         0.0441      0.1070      0.0377      0.1015      0.0441      0.1015
   175  110  111  105         0.0377      0.1070      0.0314      0.1070      0.0314      0.1015
   176  110  105  104         0.0377      0.1070      0.0314      0.1015      0.0377      0.1015
   177  111  112  106         0.0314      0.1070      0.0250      0.1070      0.0250      0.1015
   178  111  106  105         0.0314      0.1070      0.0250      0.1015      0.0314      0.1015
   179  112  113  107         0.0250      0.1070      0.0187      0.1070      0.0187      0.1015
   180  112  107  106         0.0250      0.1070      0.0187      0.1015      0.0250      0.1015
   181  113  114  108         0.0187      0.1070      0.0123      0.1070      0.0123      0.1015
   182  113  108  107         0.0187      0.1070      0.0123      0.1015      0.0187      0.1015
   183  114   75   73         0.0123      0.1070      0.0060      0.1070      0.0060      0.1015
   184  114   73  108         0.0123      0.1070      0.0060      0.1015      0.0123      0.1015
   185  115  116  110         0.0441      0.1124      0.0377      0.1124      0.0377      0.1070
   186  115  110  109         0.0441      0.1124      0.0377      0.1070      0.0441      0.1070
   187  116  117  111         0.0377      0.1124      0.0314      0.1124      0.0314      0.1070
   188  116  111  110         0.0377      0.1124      0.0314      0.1070      0.0377      0.1070
   189  117  118  112         0.0314      0.1124      0.0250      0.1124      0.0250      0.1070
   190  117  112  111         0.0314      0.1124      0.0250      0.1070      0.0314      0.1070
   191  118  119  113         0.0250      0.1124      0.0187      0.1124      0.0187      0.1070
   192  118  113  112         0.0250      0.1124      0.0187      0.1070      0.0250      0.1070
   193  119  120  114         0.0187      0.1124      0.0123      0.1124      0.0123      0.1070
   194  119  114  113         0.0187      0.1124      0.0123      0.1070      0.0187      0.1070
   195  120   77   75         0.0123      0.1124      0.0060      0.1124      0.0060      0.1070
   196  120   75  114         0.0123      0.1124      0.0060      0.1070      0.0123      0.1070
1

 ***  REGION  5  ****
           9 ROWS           8 COLUMNS
          BOUNDARY NODE NUMBERS             27   20   13   14   15   21   29   28


 REGION NODE NUMBERS

   121  122  123  124  125  126  127  128
   129  130  131  132  133  134  135  136
   137  138  139  140  141  142  143  144
   145  146  147  148  149  150  151  152
   153  154  155  156  157  158  159  160
   161  162  163  164  165  166  167  168
   169  170  171  172  173  174  175  176
   177  178  179  180  181  182  183  184
   115  109  103   97   91   85   79   59


   NEL  NODE NUMBERS         X(1)        Y(1)        X(2)        Y(2)        X(3)        Y(3)
   197  129  130  122         0.1179      0.1124      0.1179      0.1070      0.1285      0.1070
   198  129  122  121         0.1179      0.1124      0.1285      0.1070      0.1285      0.1124
   199  130  131  123         0.1179      0.1070      0.1179      0.1015      0.1285      0.1015
   200  130  123  122         0.1179      0.1070      0.1285      0.1015      0.1285      0.1070
   201  131  132  124         0.1179      0.1015      0.1179      0.0961      0.1285      0.0961
   202  131  124  123         0.1179      0.1015      0.1285      0.0961      0.1285      0.1015
   203  132  133  125         0.1179      0.0961      0.1179      0.0906      0.1285      0.0906
   204  132  125  124         0.1179      0.0961      0.1285      0.0906      0.1285      0.0961
   205  133  134  126         0.1179      0.0906      0.1179      0.0852      0.1285      0.0852
   206  133  126  125         0.1179      0.0906      0.1285      0.0852      0.1285      0.0906
   207  134  135  127         0.1179      0.0852      0.1179      0.0797      0.1285      0.0797
   208  134  127  126         0.1179      0.0852      0.1285      0.0797      0.1285      0.0852
   209  135  136  128         0.1179      0.0797      0.1179      0.0743      0.1285      0.0743
   210  135  128  127         0.1179      0.0797      0.1285      0.0743      0.1285      0.0797
   211  137  138  130         0.1074      0.1124      0.1074      0.1070      0.1179      0.1070
   212  137  130  129         0.1074      0.1124      0.1179      0.1070      0.1179      0.1124
   213  138  139  131         0.1074      0.1070      0.1074      0.1015      0.1179      0.1015
   214  138  131  130         0.1074      0.1070      0.1179      0.1015      0.1179      0.1070
   215  139  140  132         0.1074      0.1015      0.1074      0.0961      0.1179      0.0961
   216  139  132  131         0.1074      0.1015      0.1179      0.0961      0.1179      0.1015
   217  140  141  133         0.1074      0.0961      0.1074      0.0906      0.1179      0.0906
   218  140  133  132         0.1074      0.0961      0.1179      0.0906      0.1179      0.0961
   219  141  142  134         0.1074      0.0906      0.1074      0.0852      0.1179      0.0852
   220  141  134  133         0.1074      0.0906      0.1179      0.0852      0.1179      0.0906
   221  142  143  135         0.1074      0.0852      0.1074      0.0797      0.1179      0.0797
   222  142  135  134         0.1074      0.0852      0.1179      0.0797      0.1179      0.0852
   223  143  144  136         0.1074      0.0797      0.1074      0.0743      0.1179      0.0743
   224  143  136  135         0.1074      0.0797      0.1179      0.0743      0.1179      0.0797
   225  145  146  138         0.0968      0.1124      0.0968      0.1070      0.1074      0.1070
   226  145  138  137         0.0968      0.1124      0.1074      0.1070      0.1074      0.1124
   227  146  147  139         0.0968      0.1070      0.0968      0.1015      0.1074      0.1015
   228  146  139  138         0.0968      0.1070      0.1074      0.1015      0.1074      0.1070
   229  147  148  140         0.0968      0.1015      0.0968      0.0961      0.1074      0.0961
   230  147  140  139         0.0968      0.1015      0.1074      0.0961      0.1074      0.1015
   231  148  149  141         0.0968      0.0961      0.0968      0.0906      0.1074      0.0906
   232  148  141  140         0.0968      0.0961      0.1074      0.0906      0.1074      0.0961
   233  149  150  142         0.0968      0.0906      0.0968      0.0852      0.1074      0.0852
   234  149  142  141         0.0968      0.0906      0.1074      0.0852      0.1074      0.0906
   235  150  151  143         0.0968      0.0852      0.0968      0.0797      0.1074      0.0797
   236  150  143  142         0.0968      0.0852      0.1074      0.0797      0.1074      0.0852
   237  151  152  144         0.0968      0.0797      0.0968      0.0743      0.1074      0.0743
   238  151  144  143         0.0968      0.0797      0.1074      0.0743      0.1074      0.0797
   239  153  154  146         0.0863      0.1124      0.0863      0.1070      0.0968      0.1070
   240  153  146  145         0.0863      0.1124      0.0968      0.1070      0.0968      0.1124
   241  154  155  147         0.0863      0.1070      0.0863      0.1015      0.0968      0.1015
   242  154  147  146         0.0863      0.1070      0.0968      0.1015      0.0968      0.1070
   243  155  156  148         0.0863      0.1015      0.0863      0.0961      0.0968      0.0961
   244  155  148  147         0.0863      0.1015      0.0968      0.0961      0.0968      0.1015
   245  156  157  149         0.0863      0.0961      0.0863      0.0906      0.0968      0.0906
   246  156  149  148         0.0863      0.0961      0.0968      0.0906      0.0968      0.0961
   247  157  158  150         0.0863      0.0906      0.0863      0.0852      0.0968      0.0852
   248  157  150  149         0.0863      0.0906      0.0968      0.0852      0.0968      0.0906
   249  158  159  151         0.0863      0.0852      0.0863      0.0797      0.0968      0.0797
   250  158  151  150         0.0863      0.0852      0.0968      0.0797      0.0968      0.0852
   251  159  160  152         0.0863      0.0797      0.0863      0.0743      0.0968      0.0743
   252  159  152  151         0.0863      0.0797      0.0968      0.0743      0.0968      0.0797
   253  161  162  154         0.0757      0.1124      0.0757      0.1070      0.0863      0.1070
   254  161  154  153         0.0757      0.1124      0.0863      0.1070      0.0863      0.1124
   255  162  163  155         0.0757      0.1070      0.0757      0.1015      0.0863      0.1015
   256  162  155  154         0.0757      0.1070      0.0863      0.1015      0.0863      0.1070
   257  163  164  156         0.0757      0.1015      0.0757      0.0961      0.0863      0.0961
   258  163  156  155         0.0757      0.1015      0.0863      0.0961      0.0863      0.1015
   259  164  165  157         0.0757      0.0961      0.0757      0.0906      0.0863      0.0906
   260  164  157  156         0.0757      0.0961      0.0863      0.0906      0.0863      0.0961
   261  165  166  158         0.0757      0.0906      0.0757      0.0852      0.0863      0.0852
   262  165  158  157         0.0757      0.0906      0.0863      0.0852      0.0863      0.0906
   263  166  167  159         0.0757      0.0852      0.0757      0.0797      0.0863      0.0797
   264  166  159  158         0.0757      0.0852      0.0863      0.0797      0.0863      0.0852
   265  167  168  160         0.0757      0.0797      0.0757      0.0743      0.0863      0.0743
   266  167  160  159         0.0757      0.0797      0.0863      0.0743      0.0863      0.0797
   267  169  170  162         0.0652      0.1124      0.0652      0.1070      0.0757      0.1070
   268  169  162  161         0.0652      0.1124      0.0757      0.1070      0.0757      0.1124
   269  170  171  163         0.0652      0.1070      0.0652      0.1015      0.0757      0.1015
   270  170  163  162         0.0652      0.1070      0.0757      0.1015      0.0757      0.1070
   271  171  172  164         0.0652      0.1015      0.0652      0.0961      0.0757      0.0961
   272  171  164  163         0.0652      0.1015      0.0757      0.0961      0.0757      0.1015
   273  172  173  165         0.0652      0.0961      0.0652      0.0906      0.0757      0.0906
   274  172  165  164         0.0652      0.0961      0.0757      0.0906      0.0757      0.0961
   275  173  174  166         0.0652      0.0906      0.0652      0.0852      0.0757      0.0852
   276  173  166  165         0.0652      0.0906      0.0757      0.0852      0.0757      0.0906
   277  174  175  167         0.0652      0.0852      0.0652      0.0797      0.0757      0.0797
   278  174  167  166         0.0652      0.0852      0.0757      0.0797      0.0757      0.0852
   279  175  176  168         0.0652      0.0797      0.0652      0.0743      0.0757      0.0743
   280  175  168  167         0.0652      0.0797      0.0757      0.0743      0.0757      0.0797
   281  177  178  170         0.0546      0.1124      0.0546      0.1070      0.0652      0.1070
   282  177  170  169         0.0546      0.1124      0.0652      0.1070      0.0652      0.1124
   283  178  179  171         0.0546      0.1070      0.0546      0.1015      0.0652      0.1015
   284  178  171  170         0.0546      0.1070      0.0652      0.1015      0.0652      0.1070
   285  179  180  172         0.0546      0.1015      0.0546      0.0961      0.0652      0.0961
   286  179  172  171         0.0546      0.1015      0.0652      0.0961      0.0652      0.1015
   287  180  181  173         0.0546      0.0961      0.0546      0.0906      0.0652      0.0906
   288  180  173  172         0.0546      0.0961      0.0652      0.0906      0.0652      0.0961
   289  181  182  174         0.0546      0.0906      0.0546      0.0852      0.0652      0.0852
   290  181  174  173         0.0546      0.0906      0.0652      0.0852      0.0652      0.0906
   291  182  183  175         0.0546      0.0852      0.0546      0.0797      0.0652      0.0797
   292  182  175  174         0.0546      0.0852      0.0652      0.0797      0.0652      0.0852
   293  183  184  176         0.0546      0.0797      0.0546      0.0743      0.0652      0.0743
   294  183  176  175         0.0546      0.0797      0.0652      0.0743      0.0652      0.0797
   295  115  109  178         0.0441      0.1124      0.0441      0.1070      0.0546      0.1070
   296  115  178  177         0.0441      0.1124      0.0546      0.1070      0.0546      0.1124
   297  109  103  179         0.0441      0.1070      0.0441      0.1015      0.0546      0.1015
   298  109  179  178         0.0441      0.1070      0.0546      0.1015      0.0546      0.1070
   299  103   97  180         0.0441      0.1015      0.0441      0.0961      0.0546      0.0961
   300  103  180  179         0.0441      0.1015      0.0546      0.0961      0.0546      0.1015
   301   97   91  181         0.0441      0.0961      0.0441      0.0906      0.0546      0.0906
   302   97  181  180         0.0441      0.0961      0.0546      0.0906      0.0546      0.0961
   303   91   85  182         0.0441      0.0906      0.0441      0.0852      0.0546      0.0852
   304   91  182  181         0.0441      0.0906      0.0546      0.0852      0.0546      0.0906
   305   85   79  183         0.0441      0.0852      0.0441      0.0797      0.0546      0.0797
   306   85  183  182         0.0441      0.0852      0.0546      0.0797      0.0546      0.0852
   307   79   59  184         0.0441      0.0797      0.0441      0.0743      0.0546      0.0743
   308   79  184  183         0.0441      0.0797      0.0546      0.0743      0.0546      0.0797
1

 ***  REGION  6  ****
           7 ROWS           8 COLUMNS
          BOUNDARY NODE NUMBERS             29   21   15   16   17   22   31   30


 REGION NODE NUMBERS

   185  186  187  188  189  190  191  192
   193  194  195  196  197  198  199  200
   201  202  203  204  205  206  207  208
   209  210  211  212  213  214  215  216
   217  218  219  220  221  222  223  224
   225  226  227  228  229  230  231  232
   121  122  123  124  125  126  127  128


   NEL  NODE NUMBERS         X(1)        Y(1)        X(2)        Y(2)        X(3)        Y(3)
   309  193  194  186         0.1603      0.1124      0.1603      0.1070      0.1666      0.1070
   310  193  186  185         0.1603      0.1124      0.1666      0.1070      0.1666      0.1124
   311  194  195  187         0.1603      0.1070      0.1603      0.1015      0.1666      0.1015
   312  194  187  186         0.1603      0.1070      0.1666      0.1015      0.1666      0.1070
   313  195  196  188         0.1603      0.1015      0.1603      0.0961      0.1666      0.0961
   314  195  188  187         0.1603      0.1015      0.1666      0.0961      0.1666      0.1015
   315  196  197  189         0.1603      0.0961      0.1603      0.0906      0.1666      0.0906
   316  196  189  188         0.1603      0.0961      0.1666      0.0906      0.1666      0.0961
   317  197  198  190         0.1603      0.0906      0.1603      0.0852      0.1666      0.0852
   318  197  190  189         0.1603      0.0906      0.1666      0.0852      0.1666      0.0906
   319  198  199  191         0.1603      0.0852      0.1603      0.0797      0.1666      0.0797
   320  198  191  190         0.1603      0.0852      0.1666      0.0797      0.1666      0.0852
   321  199  200  192         0.1603      0.0797      0.1603      0.0743      0.1666      0.0743
   322  199  192  191         0.1603      0.0797      0.1666      0.0743      0.1666      0.0797
   323  201  202  194         0.1539      0.1124      0.1539      0.1070      0.1603      0.1070
   324  201  194  193         0.1539      0.1124      0.1603      0.1070      0.1603      0.1124
   325  202  203  195         0.1539      0.1070      0.1539      0.1015      0.1603      0.1015
   326  202  195  194         0.1539      0.1070      0.1603      0.1015      0.1603      0.1070
   327  203  204  196         0.1539      0.1015      0.1539      0.0961      0.1603      0.0961
   328  203  196  195         0.1539      0.1015      0.1603      0.0961      0.1603      0.1015
   329  204  205  197         0.1539      0.0961      0.1539      0.0906      0.1603      0.0906
   330  204  197  196         0.1539      0.0961      0.1603      0.0906      0.1603      0.0961
   331  205  206  198         0.1539      0.0906      0.1539      0.0852      0.1603      0.0852
   332  205  198  197         0.1539      0.0906      0.1603      0.0852      0.1603      0.0906
   333  206  207  199         0.1539      0.0852      0.1539      0.0797      0.1603      0.0797
   334  206  199  198         0.1539      0.0852      0.1603      0.0797      0.1603      0.0852
   335  207  208  200         0.1539      0.0797      0.1539      0.0743      0.1603      0.0743
   336  207  200  199         0.1539      0.0797      0.1603      0.0743      0.1603      0.0797
   337  209  210  202         0.1476      0.1124      0.1476      0.1070      0.1539      0.1070
   338  209  202  201         0.1476      0.1124      0.1539      0.1070      0.1539      0.1124
   339  210  211  203         0.1476      0.1070      0.1476      0.1015      0.1539      0.1015
   340  210  203  202         0.1476      0.1070      0.1539      0.1015      0.1539      0.1070
   341  211  212  204         0.1476      0.1015      0.1476      0.0961      0.1539      0.0961
   342  211  204  203         0.1476      0.1015      0.1539      0.0961      0.1539      0.1015
   343  212  213  205         0.1476      0.0961      0.1476      0.0906      0.1539      0.0906
   344  212  205  204         0.1476      0.0961      0.1539      0.0906      0.1539      0.0961
   345  213  214  206         0.1476      0.0906      0.1476      0.0852      0.1539      0.0852
   346  213  206  205         0.1476      0.0906      0.1539      0.0852      0.1539      0.0906
   347  214  215  207         0.1476      0.0852      0.1476      0.0797      0.1539      0.0797
   348  214  207  206         0.1476      0.0852      0.1539      0.0797      0.1539      0.0852
   349  215  216  208         0.1476      0.0797      0.1476      0.0743      0.1539      0.0743
   350  215  208  207         0.1476      0.0797      0.1539      0.0743      0.1539      0.0797
   351  217  218  210         0.1412      0.1124      0.1412      0.1070      0.1476      0.1070
   352  217  210  209         0.1412      0.1124      0.1476      0.1070      0.1476      0.1124
   353  218  219  211         0.1412      0.1070      0.1412      0.1015      0.1476      0.1015
   354  218  211  210         0.1412      0.1070      0.1476      0.1015      0.1476      0.1070
   355  219  220  212         0.1412      0.1015      0.1412      0.0961      0.1476      0.0961
   356  219  212  211         0.1412      0.1015      0.1476      0.0961      0.1476      0.1015
   357  220  221  213         0.1412      0.0961      0.1412      0.0906      0.1476      0.0906
   358  220  213  212         0.1412      0.0961      0.1476      0.0906      0.1476      0.0961
   359  221  222  214         0.1412      0.0906      0.1412      0.0852      0.1476      0.0852
   360  221  214  213         0.1412      0.0906      0.1476      0.0852      0.1476      0.0906
   361  222  223  215         0.1412      0.0852      0.1412      0.0797      0.1476      0.0797
   362  222  215  214         0.1412      0.0852      0.1476      0.0797      0.1476      0.0852
   363  223  224  216         0.1412      0.0797      0.1412      0.0743      0.1476      0.0743
   364  223  216  215         0.1412      0.0797      0.1476      0.0743      0.1476      0.0797
   365  225  226  218         0.1349      0.1124      0.1349      0.1070      0.1412      0.1070
   366  225  218  217         0.1349      0.1124      0.1412      0.1070      0.1412      0.1124
   367  226  227  219         0.1349      0.1070      0.1349      0.1015      0.1412      0.1015
   368  226  219  218         0.1349      0.1070      0.1412      0.1015      0.1412      0.1070
   369  227  228  220         0.1349      0.1015      0.1349      0.0961      0.1412      0.0961
   370  227  220  219         0.1349      0.1015      0.1412      0.0961      0.1412      0.1015
   371  228  229  221         0.1349      0.0961      0.1349      0.0906      0.1412      0.0906
   372  228  221  220         0.1349      0.0961      0.1412      0.0906      0.1412      0.0961
   373  229  230  222         0.1349      0.0906      0.1349      0.0852      0.1412      0.0852
   374  229  222  221         0.1349      0.0906      0.1412      0.0852      0.1412      0.0906
   375  230  231  223         0.1349      0.0852      0.1349      0.0797      0.1412      0.0797
   376  230  223  222         0.1349      0.0852      0.1412      0.0797      0.1412      0.0852
   377  231  232  224         0.1349      0.0797      0.1349      0.0743      0.1412      0.0743
   378  231  224  223         0.1349      0.0797      0.1412      0.0743      0.1412      0.0797
   379  121  122  226         0.1285      0.1124      0.1285      0.1070      0.1349      0.1070
   380  121  226  225         0.1285      0.1124      0.1349      0.1070      0.1349      0.1124
   381  122  123  227         0.1285      0.1070      0.1285      0.1015      0.1349      0.1015
   382  122  227  226         0.1285      0.1070      0.1349      0.1015      0.1349      0.1070
   383  123  124  228         0.1285      0.1015      0.1285      0.0961      0.1349      0.0961
   384  123  228  227         0.1285      0.1015      0.1349      0.0961      0.1349      0.1015
   385  124  125  229         0.1285      0.0961      0.1285      0.0906      0.1349      0.0906
   386  124  229  228         0.1285      0.0961      0.1349      0.0906      0.1349      0.0961
   387  125  126  230         0.1285      0.0906      0.1285      0.0852      0.1349      0.0852
   388  125  230  229         0.1285      0.0906      0.1349      0.0852      0.1349      0.0906
   389  126  127  231         0.1285      0.0852      0.1285      0.0797      0.1349      0.0797
   390  126  231  230         0.1285      0.0852      0.1349      0.0797      0.1349      0.0852
   391  127  128  232         0.1285      0.0797      0.1285      0.0743      0.1349      0.0743
   392  127  232  231         0.1285      0.0797      0.1349      0.0743      0.1349      0.0797
1

 ***  REGION  7  ****
           6 ROWS           2 COLUMNS
          BOUNDARY NODE NUMBERS             39   38   37   32   23   24   25   33


 REGION NODE NUMBERS

    77   78
   233  234
   235  236
   237  238
   239  240
   241  242


   NEL  NODE NUMBERS         X(1)        Y(1)        X(2)        Y(2)        X(3)        Y(3)
   393  233  234   78         0.0060      0.1163      0.0000      0.1163      0.0000      0.1124
   394  233   78   77         0.0060      0.1163      0.0000      0.1124      0.0060      0.1124
   395  235  236  234         0.0060      0.1202      0.0000      0.1202      0.0000      0.1163
   396  235  234  233         0.0060      0.1202      0.0000      0.1163      0.0060      0.1163
   397  237  238  236         0.0060      0.1242      0.0000      0.1242      0.0000      0.1202
   398  237  236  235         0.0060      0.1242      0.0000      0.1202      0.0060      0.1202
   399  239  240  238         0.0060      0.1281      0.0000      0.1281      0.0000      0.1242
   400  239  238  237         0.0060      0.1281      0.0000      0.1242      0.0060      0.1242
   401  241  242  240         0.0060      0.1320      0.0000      0.1320      0.0000      0.1281
   402  241  240  239         0.0060      0.1320      0.0000      0.1281      0.0060      0.1281
1

 ***  REGION  8  ****
           6 ROWS           7 COLUMNS
          BOUNDARY NODE NUMBERS             41   40   39   33   25   26   27   34


 REGION NODE NUMBERS

   115  116  117  118  119  120   77
   243  244  245  246  247  248  233
   249  250  251  252  253  254  235
   255  256  257  258  259  260  237
   261  262  263  264  265  266  239
   267  268  269  270  271  272  241


   NEL  NODE NUMBERS         X(1)        Y(1)        X(2)        Y(2)        X(3)        Y(3)
   403  243  244  116         0.0441      0.1163      0.0377      0.1163      0.0377      0.1124
   404  243  116  115         0.0441      0.1163      0.0377      0.1124      0.0441      0.1124
   405  244  245  117         0.0377      0.1163      0.0314      0.1163      0.0314      0.1124
   406  244  117  116         0.0377      0.1163      0.0314      0.1124      0.0377      0.1124
   407  245  246  118         0.0314      0.1163      0.0250      0.1163      0.0250      0.1124
   408  245  118  117         0.0314      0.1163      0.0250      0.1124      0.0314      0.1124
   409  246  247  119         0.0250      0.1163      0.0187      0.1163      0.0187      0.1124
   410  246  119  118         0.0250      0.1163      0.0187      0.1124      0.0250      0.1124
   411  247  248  120         0.0187      0.1163      0.0123      0.1163      0.0123      0.1124
   412  247  120  119         0.0187      0.1163      0.0123      0.1124      0.0187      0.1124
   413  248  233   77         0.0123      0.1163      0.0060      0.1163      0.0060      0.1124
   414  248   77  120         0.0123      0.1163      0.0060      0.1124      0.0123      0.1124
   415  249  250  244         0.0441      0.1202      0.0377      0.1202      0.0377      0.1163
   416  249  244  243         0.0441      0.1202      0.0377      0.1163      0.0441      0.1163
   417  250  251  245         0.0377      0.1202      0.0314      0.1202      0.0314      0.1163
   418  250  245  244         0.0377      0.1202      0.0314      0.1163      0.0377      0.1163
   419  251  252  246         0.0314      0.1202      0.0250      0.1202      0.0250      0.1163
   420  251  246  245         0.0314      0.1202      0.0250      0.1163      0.0314      0.1163
   421  252  253  247         0.0250      0.1202      0.0187      0.1202      0.0187      0.1163
   422  252  247  246         0.0250      0.1202      0.0187      0.1163      0.0250      0.1163
   423  253  254  248         0.0187      0.1202      0.0123      0.1202      0.0123      0.1163
   424  253  248  247         0.0187      0.1202      0.0123      0.1163      0.0187      0.1163
   425  254  235  233         0.0123      0.1202      0.0060      0.1202      0.0060      0.1163
   426  254  233  248         0.0123      0.1202      0.0060      0.1163      0.0123      0.1163
   427  255  256  250         0.0441      0.1242      0.0377      0.1242      0.0377      0.1202
   428  255  250  249         0.0441      0.1242      0.0377      0.1202      0.0441      0.1202
   429  256  257  251         0.0377      0.1242      0.0314      0.1242      0.0314      0.1202
   430  256  251  250         0.0377      0.1242      0.0314      0.1202      0.0377      0.1202
   431  257  258  252         0.0314      0.1242      0.0250      0.1242      0.0250      0.1202
   432  257  252  251         0.0314      0.1242      0.0250      0.1202      0.0314      0.1202
   433  258  259  253         0.0250      0.1242      0.0187      0.1242      0.0187      0.1202
   434  258  253  252         0.0250      0.1242      0.0187      0.1202      0.0250      0.1202
   435  259  260  254         0.0187      0.1242      0.0123      0.1242      0.0123      0.1202
   436  259  254  253         0.0187      0.1242      0.0123      0.1202      0.0187      0.1202
   437  260  237  235         0.0123      0.1242      0.0060      0.1242      0.0060      0.1202
   438  260  235  254         0.0123      0.1242      0.0060      0.1202      0.0123      0.1202
   439  261  262  256         0.0441      0.1281      0.0377      0.1281      0.0377      0.1242
   440  261  256  255         0.0441      0.1281      0.0377      0.1242      0.0441      0.1242
   441  262  263  257         0.0377      0.1281      0.0314      0.1281      0.0314      0.1242
   442  262  257  256         0.0377      0.1281      0.0314      0.1242      0.0377      0.1242
   443  263  264  258         0.0314      0.1281      0.0250      0.1281      0.0250      0.1242
   444  263  258  257         0.0314      0.1281      0.0250      0.1242      0.0314      0.1242
   445  264  265  259         0.0250      0.1281      0.0187      0.1281      0.0187      0.1242
   446  264  259  258         0.0250      0.1281      0.0187      0.1242      0.0250      0.1242
   447  265  266  260         0.0187      0.1281      0.0123      0.1281      0.0123      0.1242
   448  265  260  259         0.0187      0.1281      0.0123      0.1242      0.0187      0.1242
   449  266  239  237         0.0123      0.1281      0.0060      0.1281      0.0060      0.1242
   450  266  237  260         0.0123      0.1281      0.0060      0.1242      0.0123      0.1242
   451  267  268  262         0.0441      0.1320      0.0377      0.1320      0.0377      0.1281
   452  267  262  261         0.0441      0.1320      0.0377      0.1281      0.0441      0.1281
   453  268  269  263         0.0377      0.1320      0.0314      0.1320      0.0314      0.1281
   454  268  263  262         0.0377      0.1320      0.0314      0.1281      0.0377      0.1281
   455  269  270  264         0.0314      0.1320      0.0250      0.1320      0.0250      0.1281
   456  269  264  263         0.0314      0.1320      0.0250      0.1281      0.0314      0.1281
   457  270  271  265         0.0250      0.1320      0.0187      0.1320      0.0187      0.1281
   458  270  265  264         0.0250      0.1320      0.0187      0.1281      0.0250      0.1281
   459  271  272  266         0.0187      0.1320      0.0123      0.1320      0.0123      0.1281
   460  271  266  265         0.0187      0.1320      0.0123      0.1281      0.0187      0.1281
   461  272  241  239         0.0123      0.1320      0.0060      0.1320      0.0060      0.1281
   462  272  239  266         0.0123      0.1320      0.0060      0.1281      0.0123      0.1281
1

 ***  REGION  9  ****
           9 ROWS           6 COLUMNS
          BOUNDARY NODE NUMBERS             41   34   27   28   29   35   43   42


 REGION NODE NUMBERS

   273  274  275  276  277  121
   278  279  280  281  282  129
   283  284  285  286  287  137
   288  289  290  291  292  145
   293  294  295  296  297  153
   298  299  300  301  302  161
   303  304  305  306  307  169
   308  309  310  311  312  177
   267  261  255  249  243  115


   NEL  NODE NUMBERS         X(1)        Y(1)        X(2)        Y(2)        X(3)        Y(3)
   463  278  279  274         0.1179      0.1320      0.1179      0.1281      0.1285      0.1281
   464  278  274  273         0.1179      0.1320      0.1285      0.1281      0.1285      0.1320
   465  279  280  275         0.1179      0.1281      0.1179      0.1242      0.1285      0.1242
   466  279  275  274         0.1179      0.1281      0.1285      0.1242      0.1285      0.1281
   467  280  281  276         0.1179      0.1242      0.1179      0.1202      0.1285      0.1202
   468  280  276  275         0.1179      0.1242      0.1285      0.1202      0.1285      0.1242
   469  281  282  277         0.1179      0.1202      0.1179      0.1163      0.1285      0.1163
   470  281  277  276         0.1179      0.1202      0.1285      0.1163      0.1285      0.1202
   471  282  129  121         0.1179      0.1163      0.1179      0.1124      0.1285      0.1124
   472  282  121  277         0.1179      0.1163      0.1285      0.1124      0.1285      0.1163
   473  283  284  279         0.1074      0.1320      0.1074      0.1281      0.1179      0.1281
   474  283  279  278         0.1074      0.1320      0.1179      0.1281      0.1179      0.1320
   475  284  285  280         0.1074      0.1281      0.1074      0.1242      0.1179      0.1242
   476  284  280  279         0.1074      0.1281      0.1179      0.1242      0.1179      0.1281
   477  285  286  281         0.1074      0.1242      0.1074      0.1202      0.1179      0.1202
   478  285  281  280         0.1074      0.1242      0.1179      0.1202      0.1179      0.1242
   479  286  287  282         0.1074      0.1202      0.1074      0.1163      0.1179      0.1163
   480  286  282  281         0.1074      0.1202      0.1179      0.1163      0.1179      0.1202
   481  287  137  129         0.1074      0.1163      0.1074      0.1124      0.1179      0.1124
   482  287  129  282         0.1074      0.1163      0.1179      0.1124      0.1179      0.1163
   483  288  289  284         0.0968      0.1320      0.0968      0.1281      0.1074      0.1281
   484  288  284  283         0.0968      0.1320      0.1074      0.1281      0.1074      0.1320
   485  289  290  285         0.0968      0.1281      0.0968      0.1242      0.1074      0.1242
   486  289  285  284         0.0968      0.1281      0.1074      0.1242      0.1074      0.1281
   487  290  291  286         0.0968      0.1242      0.0968      0.1202      0.1074      0.1202
   488  290  286  285         0.0968      0.1242      0.1074      0.1202      0.1074      0.1242
   489  291  292  287         0.0968      0.1202      0.0968      0.1163      0.1074      0.1163
   490  291  287  286         0.0968      0.1202      0.1074      0.1163      0.1074      0.1202
   491  292  145  137         0.0968      0.1163      0.0968      0.1124      0.1074      0.1124
   492  292  137  287         0.0968      0.1163      0.1074      0.1124      0.1074      0.1163
   493  293  294  289         0.0863      0.1320      0.0863      0.1281      0.0968      0.1281
   494  293  289  288         0.0863      0.1320      0.0968      0.1281      0.0968      0.1320
   495  294  295  290         0.0863      0.1281      0.0863      0.1242      0.0968      0.1242
   496  294  290  289         0.0863      0.1281      0.0968      0.1242      0.0968      0.1281
   497  295  296  291         0.0863      0.1242      0.0863      0.1202      0.0968      0.1202
   498  295  291  290         0.0863      0.1242      0.0968      0.1202      0.0968      0.1242
   499  296  297  292         0.0863      0.1202      0.0863      0.1163      0.0968      0.1163
   500  296  292  291         0.0863      0.1202      0.0968      0.1163      0.0968      0.1202
   501  297  153  145         0.0863      0.1163      0.0863      0.1124      0.0968      0.1124
   502  297  145  292         0.0863      0.1163      0.0968      0.1124      0.0968      0.1163
   503  298  299  294         0.0757      0.1320      0.0757      0.1281      0.0863      0.1281
   504  298  294  293         0.0757      0.1320      0.0863      0.1281      0.0863      0.1320
   505  299  300  295         0.0757      0.1281      0.0757      0.1242      0.0863      0.1242
   506  299  295  294         0.0757      0.1281      0.0863      0.1242      0.0863      0.1281
   507  300  301  296         0.0757      0.1242      0.0757      0.1202      0.0863      0.1202
   508  300  296  295         0.0757      0.1242      0.0863      0.1202      0.0863      0.1242
   509  301  302  297         0.0757      0.1202      0.0757      0.1163      0.0863      0.1163
   510  301  297  296         0.0757      0.1202      0.0863      0.1163      0.0863      0.1202
   511  302  161  153         0.0757      0.1163      0.0757      0.1124      0.0863      0.1124
   512  302  153  297         0.0757      0.1163      0.0863      0.1124      0.0863      0.1163
   513  303  304  299         0.0652      0.1320      0.0652      0.1281      0.0757      0.1281
   514  303  299  298         0.0652      0.1320      0.0757      0.1281      0.0757      0.1320
   515  304  305  300         0.0652      0.1281      0.0652      0.1242      0.0757      0.1242
   516  304  300  299         0.0652      0.1281      0.0757      0.1242      0.0757      0.1281
   517  305  306  301         0.0652      0.1242      0.0652      0.1202      0.0757      0.1202
   518  305  301  300         0.0652      0.1242      0.0757      0.1202      0.0757      0.1242
   519  306  307  302         0.0652      0.1202      0.0652      0.1163      0.0757      0.1163
   520  306  302  301         0.0652      0.1202      0.0757      0.1163      0.0757      0.1202
   521  307  169  161         0.0652      0.1163      0.0652      0.1124      0.0757      0.1124
   522  307  161  302         0.0652      0.1163      0.0757      0.1124      0.0757      0.1163
   523  308  309  304         0.0546      0.1320      0.0546      0.1281      0.0652      0.1281
   524  308  304  303         0.0546      0.1320      0.0652      0.1281      0.0652      0.1320
   525  309  310  305         0.0546      0.1281      0.0546      0.1242      0.0652      0.1242
   526  309  305  304         0.0546      0.1281      0.0652      0.1242      0.0652      0.1281
   527  310  311  306         0.0546      0.1242      0.0546      0.1202      0.0652      0.1202
   528  310  306  305         0.0546      0.1242      0.0652      0.1202      0.0652      0.1242
   529  311  312  307         0.0546      0.1202      0.0546      0.1163      0.0652      0.1163
   530  311  307  306         0.0546      0.1202      0.0652      0.1163      0.0652      0.1202
   531  312  177  169         0.0546      0.1163      0.0546      0.1124      0.0652      0.1124
   532  312  169  307         0.0546      0.1163      0.0652      0.1124      0.0652      0.1163
   533  267  261  309         0.0441      0.1320      0.0441      0.1281      0.0546      0.1281
   534  267  309  308         0.0441      0.1320      0.0546      0.1281      0.0546      0.1320
   535  261  255  310         0.0441      0.1281      0.0441      0.1242      0.0546      0.1242
   536  261  310  309         0.0441      0.1281      0.0546      0.1242      0.0546      0.1281
   537  255  249  311         0.0441      0.1242      0.0441      0.1202      0.0546      0.1202
   538  255  311  310         0.0441      0.1242      0.0546      0.1202      0.0546      0.1242
   539  249  243  312         0.0441      0.1202      0.0441      0.1163      0.0546      0.1163
   540  249  312  311         0.0441      0.1202      0.0546      0.1163      0.0546      0.1202
   541  243  115  177         0.0441      0.1163      0.0441      0.1124      0.0546      0.1124
   542  243  177  312         0.0441      0.1163      0.0546      0.1124      0.0546      0.1163
1

 ***  REGION 10  ****
           7 ROWS           6 COLUMNS
          BOUNDARY NODE NUMBERS             43   35   29   30   31   36   45   44


 REGION NODE NUMBERS

   313  314  315  316  317  185
   318  319  320  321  322  193
   323  324  325  326  327  201
   328  329  330  331  332  209
   333  334  335  336  337  217
   338  339  340  341  342  225
   273  274  275  276  277  121


   NEL  NODE NUMBERS         X(1)        Y(1)        X(2)        Y(2)        X(3)        Y(3)
   543  318  319  314         0.1603      0.1320      0.1603      0.1281      0.1666      0.1281
   544  318  314  313         0.1603      0.1320      0.1666      0.1281      0.1666      0.1320
   545  319  320  315         0.1603      0.1281      0.1603      0.1242      0.1666      0.1242
   546  319  315  314         0.1603      0.1281      0.1666      0.1242      0.1666      0.1281
   547  320  321  316         0.1603      0.1242      0.1603      0.1202      0.1666      0.1202
   548  320  316  315         0.1603      0.1242      0.1666      0.1202      0.1666      0.1242
   549  321  322  317         0.1603      0.1202      0.1603      0.1163      0.1666      0.1163
   550  321  317  316         0.1603      0.1202      0.1666      0.1163      0.1666      0.1202
   551  322  193  185         0.1603      0.1163      0.1603      0.1124      0.1666      0.1124
   552  322  185  317         0.1603      0.1163      0.1666      0.1124      0.1666      0.1163
   553  323  324  319         0.1539      0.1320      0.1539      0.1281      0.1603      0.1281
   554  323  319  318         0.1539      0.1320      0.1603      0.1281      0.1603      0.1320
   555  324  325  320         0.1539      0.1281      0.1539      0.1242      0.1603      0.1242
   556  324  320  319         0.1539      0.1281      0.1603      0.1242      0.1603      0.1281
   557  325  326  321         0.1539      0.1242      0.1539      0.1202      0.1603      0.1202
   558  325  321  320         0.1539      0.1242      0.1603      0.1202      0.1603      0.1242
   559  326  327  322         0.1539      0.1202      0.1539      0.1163      0.1603      0.1163
   560  326  322  321         0.1539      0.1202      0.1603      0.1163      0.1603      0.1202
   561  327  201  193         0.1539      0.1163      0.1539      0.1124      0.1603      0.1124
   562  327  193  322         0.1539      0.1163      0.1603      0.1124      0.1603      0.1163
   563  328  329  324         0.1476      0.1320      0.1476      0.1281      0.1539      0.1281
   564  328  324  323         0.1476      0.1320      0.1539      0.1281      0.1539      0.1320
   565  329  330  325         0.1476      0.1281      0.1476      0.1242      0.1539      0.1242
   566  329  325  324         0.1476      0.1281      0.1539      0.1242      0.1539      0.1281
   567  330  331  326         0.1476      0.1242      0.1476      0.1202      0.1539      0.1202
   568  330  326  325         0.1476      0.1242      0.1539      0.1202      0.1539      0.1242
   569  331  332  327         0.1476      0.1202      0.1476      0.1163      0.1539      0.1163
   570  331  327  326         0.1476      0.1202      0.1539      0.1163      0.1539      0.1202
   571  332  209  201         0.1476      0.1163      0.1476      0.1124      0.1539      0.1124
   572  332  201  327         0.1476      0.1163      0.1539      0.1124      0.1539      0.1163
   573  333  334  329         0.1412      0.1320      0.1412      0.1281      0.1476      0.1281
   574  333  329  328         0.1412      0.1320      0.1476      0.1281      0.1476      0.1320
   575  334  335  330         0.1412      0.1281      0.1412      0.1242      0.1476      0.1242
   576  334  330  329         0.1412      0.1281      0.1476      0.1242      0.1476      0.1281
   577  335  336  331         0.1412      0.1242      0.1412      0.1202      0.1476      0.1202
   578  335  331  330         0.1412      0.1242      0.1476      0.1202      0.1476      0.1242
   579  336  337  332         0.1412      0.1202      0.1412      0.1163      0.1476      0.1163
   580  336  332  331         0.1412      0.1202      0.1476      0.1163      0.1476      0.1202
   581  337  217  209         0.1412      0.1163      0.1412      0.1124      0.1476      0.1124
   582  337  209  332         0.1412      0.1163      0.1476      0.1124      0.1476      0.1163
   583  338  339  334         0.1349      0.1320      0.1349      0.1281      0.1412      0.1281
   584  338  334  333         0.1349      0.1320      0.1412      0.1281      0.1412      0.1320
   585  339  340  335         0.1349      0.1281      0.1349      0.1242      0.1412      0.1242
   586  339  335  334         0.1349      0.1281      0.1412      0.1242      0.1412      0.1281
   587  340  341  336         0.1349      0.1242      0.1349      0.1202      0.1412      0.1202
   588  340  336  335         0.1349      0.1242      0.1412      0.1202      0.1412      0.1242
   589  341  342  337         0.1349      0.1202      0.1349      0.1163      0.1412      0.1163
   590  341  337  336         0.1349      0.1202      0.1412      0.1163      0.1412      0.1202
   591  342  225  217         0.1349      0.1163      0.1349      0.1124      0.1412      0.1124
   592  342  217  337         0.1349      0.1163      0.1412      0.1124      0.1412      0.1163
   593  273  274  339         0.1285      0.1320      0.1285      0.1281      0.1349      0.1281
   594  273  339  338         0.1285      0.1320      0.1349      0.1281      0.1349      0.1320
   595  274  275  340         0.1285      0.1281      0.1285      0.1242      0.1349      0.1242
   596  274  340  339         0.1285      0.1281      0.1349      0.1242      0.1349      0.1281
   597  275  276  341         0.1285      0.1242      0.1285      0.1202      0.1349      0.1202
   598  275  341  340         0.1285      0.1242      0.1349      0.1202      0.1349      0.1242
   599  276  277  342         0.1285      0.1202      0.1285      0.1163      0.1349      0.1163
   600  276  342  341         0.1285      0.1202      0.1349      0.1163      0.1349      0.1202
   601  277  121  225         0.1285      0.1163      0.1285      0.1124      0.1349      0.1124
   602  277  225  342         0.1285      0.1163      0.1349      0.1124      0.1349      0.1163
1

 ***  REGION 11  ****
           8 ROWS           2 COLUMNS
          BOUNDARY NODE NUMBERS             53   52   51   46   37   38   39   47


 REGION NODE NUMBERS

   241  242
   343  344
   345  346
   347  348
   349  350
   351  352
   353  354
   355  356


   NEL  NODE NUMBERS         X(1)        Y(1)        X(2)        Y(2)        X(3)        Y(3)
   603  343  344  242         0.0060      0.1374      0.0000      0.1374      0.0000      0.1320
   604  343  242  241         0.0060      0.1374      0.0000      0.1320      0.0060      0.1320
   605  345  346  344         0.0060      0.1429      0.0000      0.1429      0.0000      0.1374
   606  345  344  343         0.0060      0.1429      0.0000      0.1374      0.0060      0.1374
   607  347  348  346         0.0060      0.1483      0.0000      0.1483      0.0000      0.1429
   608  347  346  345         0.0060      0.1483      0.0000      0.1429      0.0060      0.1429
   609  349  350  348         0.0060      0.1538      0.0000      0.1538      0.0000      0.1483
   610  349  348  347         0.0060      0.1538      0.0000      0.1483      0.0060      0.1483
   611  351  352  350         0.0060      0.1592      0.0000      0.1592      0.0000      0.1538
   612  351  350  349         0.0060      0.1592      0.0000      0.1538      0.0060      0.1538
   613  353  354  352         0.0060      0.1647      0.0000      0.1647      0.0000      0.1592
   614  353  352  351         0.0060      0.1647      0.0000      0.1592      0.0060      0.1592
   615  355  356  354         0.0060      0.1701      0.0000      0.1701      0.0000      0.1647
   616  355  354  353         0.0060      0.1701      0.0000      0.1647      0.0060      0.1647
1

 ***  REGION 12  ****
           8 ROWS           7 COLUMNS
          BOUNDARY NODE NUMBERS             55   54   53   47   39   40   41   48


 REGION NODE NUMBERS

   267  268  269  270  271  272  241
   357  358  359  360  361  362  343
   363  364  365  366  367  368  345
   369  370  371  372  373  374  347
   375  376  377  378  379  380  349
   381  382  383  384  385  386  351
   387  388  389  390  391  392  353
   393  394  395  396  397  398  355


   NEL  NODE NUMBERS         X(1)        Y(1)        X(2)        Y(2)        X(3)        Y(3)
   617  357  358  268         0.0441      0.1374      0.0377      0.1374      0.0377      0.1320
   618  357  268  267         0.0441      0.1374      0.0377      0.1320      0.0441      0.1320
   619  358  359  269         0.0377      0.1374      0.0314      0.1374      0.0314      0.1320
   620  358  269  268         0.0377      0.1374      0.0314      0.1320      0.0377      0.1320
   621  359  360  270         0.0314      0.1374      0.0250      0.1374      0.0250      0.1320
   622  359  270  269         0.0314      0.1374      0.0250      0.1320      0.0314      0.1320
   623  360  361  271         0.0250      0.1374      0.0187      0.1374      0.0187      0.1320
   624  360  271  270         0.0250      0.1374      0.0187      0.1320      0.0250      0.1320
   625  361  362  272         0.0187      0.1374      0.0123      0.1374      0.0123      0.1320
   626  361  272  271         0.0187      0.1374      0.0123      0.1320      0.0187      0.1320
   627  362  343  241         0.0123      0.1374      0.0060      0.1374      0.0060      0.1320
   628  362  241  272         0.0123      0.1374      0.0060      0.1320      0.0123      0.1320
   629  363  364  358         0.0441      0.1429      0.0377      0.1429      0.0377      0.1374
   630  363  358  357         0.0441      0.1429      0.0377      0.1374      0.0441      0.1374
   631  364  365  359         0.0377      0.1429      0.0314      0.1429      0.0314      0.1374
   632  364  359  358         0.0377      0.1429      0.0314      0.1374      0.0377      0.1374
   633  365  366  360         0.0314      0.1429      0.0250      0.1429      0.0250      0.1374
   634  365  360  359         0.0314      0.1429      0.0250      0.1374      0.0314      0.1374
   635  366  367  361         0.0250      0.1429      0.0187      0.1429      0.0187      0.1374
   636  366  361  360         0.0250      0.1429      0.0187      0.1374      0.0250      0.1374
   637  367  368  362         0.0187      0.1429      0.0123      0.1429      0.0123      0.1374
   638  367  362  361         0.0187      0.1429      0.0123      0.1374      0.0187      0.1374
   639  368  345  343         0.0123      0.1429      0.0060      0.1429      0.0060      0.1374
   640  368  343  362         0.0123      0.1429      0.0060      0.1374      0.0123      0.1374
   641  369  370  364         0.0441      0.1483      0.0377      0.1483      0.0377      0.1429
   642  369  364  363         0.0441      0.1483      0.0377      0.1429      0.0441      0.1429
   643  370  371  365         0.0377      0.1483      0.0314      0.1483      0.0314      0.1429
   644  370  365  364         0.0377      0.1483      0.0314      0.1429      0.0377      0.1429
   645  371  372  366         0.0314      0.1483      0.0250      0.1483      0.0250      0.1429
   646  371  366  365         0.0314      0.1483      0.0250      0.1429      0.0314      0.1429
   647  372  373  367         0.0250      0.1483      0.0187      0.1483      0.0187      0.1429
   648  372  367  366         0.0250      0.1483      0.0187      0.1429      0.0250      0.1429
   649  373  374  368         0.0187      0.1483      0.0123      0.1483      0.0123      0.1429
   650  373  368  367         0.0187      0.1483      0.0123      0.1429      0.0187      0.1429
   651  374  347  345         0.0123      0.1483      0.0060      0.1483      0.0060      0.1429
   652  374  345  368         0.0123      0.1483      0.0060      0.1429      0.0123      0.1429
   653  375  376  370         0.0441      0.1538      0.0377      0.1538      0.0377      0.1483
   654  375  370  369         0.0441      0.1538      0.0377      0.1483      0.0441      0.1483
   655  376  377  371         0.0377      0.1538      0.0314      0.1538      0.0314      0.1483
   656  376  371  370         0.0377      0.1538      0.0314      0.1483      0.0377      0.1483
   657  377  378  372         0.0314      0.1538      0.0250      0.1538      0.0250      0.1483
   658  377  372  371         0.0314      0.1538      0.0250      0.1483      0.0314      0.1483
   659  378  379  373         0.0250      0.1538      0.0187      0.1538      0.0187      0.1483
   660  378  373  372         0.0250      0.1538      0.0187      0.1483      0.0250      0.1483
   661  379  380  374         0.0187      0.1538      0.0123      0.1538      0.0123      0.1483
   662  379  374  373         0.0187      0.1538      0.0123      0.1483      0.0187      0.1483
   663  380  349  347         0.0123      0.1538      0.0060      0.1538      0.0060      0.1483
   664  380  347  374         0.0123      0.1538      0.0060      0.1483      0.0123      0.1483
   665  381  382  376         0.0441      0.1592      0.0377      0.1592      0.0377      0.1538
   666  381  376  375         0.0441      0.1592      0.0377      0.1538      0.0441      0.1538
   667  382  383  377         0.0377      0.1592      0.0314      0.1592      0.0314      0.1538
   668  382  377  376         0.0377      0.1592      0.0314      0.1538      0.0377      0.1538
   669  383  384  378         0.0314      0.1592      0.0250      0.1592      0.0250      0.1538
   670  383  378  377         0.0314      0.1592      0.0250      0.1538      0.0314      0.1538
   671  384  385  379         0.0250      0.1592      0.0187      0.1592      0.0187      0.1538
   672  384  379  378         0.0250      0.1592      0.0187      0.1538      0.0250      0.1538
   673  385  386  380         0.0187      0.1592      0.0123      0.1592      0.0123      0.1538
   674  385  380  379         0.0187      0.1592      0.0123      0.1538      0.0187      0.1538
   675  386  351  349         0.0123      0.1592      0.0060      0.1592      0.0060      0.1538
   676  386  349  380         0.0123      0.1592      0.0060      0.1538      0.0123      0.1538
   677  387  388  382         0.0441      0.1647      0.0377      0.1647      0.0377      0.1592
   678  387  382  381         0.0441      0.1647      0.0377      0.1592      0.0441      0.1592
   679  388  389  383         0.0377      0.1647      0.0314      0.1647      0.0314      0.1592
   680  388  383  382         0.0377      0.1647      0.0314      0.1592      0.0377      0.1592
   681  389  390  384         0.0314      0.1647      0.0250      0.1647      0.0250      0.1592
   682  389  384  383         0.0314      0.1647      0.0250      0.1592      0.0314      0.1592
   683  390  391  385         0.0250      0.1647      0.0187      0.1647      0.0187      0.1592
   684  390  385  384         0.0250      0.1647      0.0187      0.1592      0.0250      0.1592
   685  391  392  386         0.0187      0.1647      0.0123      0.1647      0.0123      0.1592
   686  391  386  385         0.0187      0.1647      0.0123      0.1592      0.0187      0.1592
   687  392  353  351         0.0123      0.1647      0.0060      0.1647      0.0060      0.1592
   688  392  351  386         0.0123      0.1647      0.0060      0.1592      0.0123      0.1592
   689  393  394  388         0.0441      0.1701      0.0377      0.1701      0.0377      0.1647
   690  393  388  387         0.0441      0.1701      0.0377      0.1647      0.0441      0.1647
   691  394  395  389         0.0377      0.1701      0.0314      0.1701      0.0314      0.1647
   692  394  389  388         0.0377      0.1701      0.0314      0.1647      0.0377      0.1647
   693  395  396  390         0.0314      0.1701      0.0250      0.1701      0.0250      0.1647
   694  395  390  389         0.0314      0.1701      0.0250      0.1647      0.0314      0.1647
   695  396  397  391         0.0250      0.1701      0.0187      0.1701      0.0187      0.1647
   696  396  391  390         0.0250      0.1701      0.0187      0.1647      0.0250      0.1647
   697  397  398  392         0.0187      0.1701      0.0123      0.1701      0.0123      0.1647
   698  397  392  391         0.0187      0.1701      0.0123      0.1647      0.0187      0.1647
   699  398  355  353         0.0123      0.1701      0.0060      0.1701      0.0060      0.1647
   700  398  353  392         0.0123      0.1701      0.0060      0.1647      0.0123      0.1647
1

 ***  REGION 13  ****
           9 ROWS           8 COLUMNS
          BOUNDARY NODE NUMBERS             55   48   41   42   43   49   57   56


 REGION NODE NUMBERS

   399  400  401  402  403  404  405  273
   406  407  408  409  410  411  412  278
   413  414  415  416  417  418  419  283
   420  421  422  423  424  425  426  288
   427  428  429  430  431  432  433  293
   434  435  436  437  438  439  440  298
   441  442  443  444  445  446  447  303
   448  449  450  451  452  453  454  308
   393  387  381  375  369  363  357  267


   NEL  NODE NUMBERS         X(1)        Y(1)        X(2)        Y(2)        X(3)        Y(3)
   701  406  407  400         0.1179      0.1701      0.1179      0.1647      0.1285      0.1647
   702  406  400  399         0.1179      0.1701      0.1285      0.1647      0.1285      0.1701
   703  407  408  401         0.1179      0.1647      0.1179      0.1592      0.1285      0.1592
   704  407  401  400         0.1179      0.1647      0.1285      0.1592      0.1285      0.1647
   705  408  409  402         0.1179      0.1592      0.1179      0.1538      0.1285      0.1538
   706  408  402  401         0.1179      0.1592      0.1285      0.1538      0.1285      0.1592
   707  409  410  403         0.1179      0.1538      0.1179      0.1483      0.1285      0.1483
   708  409  403  402         0.1179      0.1538      0.1285      0.1483      0.1285      0.1538
   709  410  411  404         0.1179      0.1483      0.1179      0.1429      0.1285      0.1429
   710  410  404  403         0.1179      0.1483      0.1285      0.1429      0.1285      0.1483
   711  411  412  405         0.1179      0.1429      0.1179      0.1374      0.1285      0.1374
   712  411  405  404         0.1179      0.1429      0.1285      0.1374      0.1285      0.1429
   713  412  278  273         0.1179      0.1374      0.1179      0.1320      0.1285      0.1320
   714  412  273  405         0.1179      0.1374      0.1285      0.1320      0.1285      0.1374
   715  413  414  407         0.1074      0.1701      0.1074      0.1647      0.1179      0.1647
   716  413  407  406         0.1074      0.1701      0.1179      0.1647      0.1179      0.1701
   717  414  415  408         0.1074      0.1647      0.1074      0.1592      0.1179      0.1592
   718  414  408  407         0.1074      0.1647      0.1179      0.1592      0.1179      0.1647
   719  415  416  409         0.1074      0.1592      0.1074      0.1538      0.1179      0.1538
   720  415  409  408         0.1074      0.1592      0.1179      0.1538      0.1179      0.1592
   721  416  417  410         0.1074      0.1538      0.1074      0.1483      0.1179      0.1483
   722  416  410  409         0.1074      0.1538      0.1179      0.1483      0.1179      0.1538
   723  417  418  411         0.1074      0.1483      0.1074      0.1429      0.1179      0.1429
   724  417  411  410         0.1074      0.1483      0.1179      0.1429      0.1179      0.1483
   725  418  419  412         0.1074      0.1429      0.1074      0.1374      0.1179      0.1374
   726  418  412  411         0.1074      0.1429      0.1179      0.1374      0.1179      0.1429
   727  419  283  278         0.1074      0.1374      0.1074      0.1320      0.1179      0.1320
   728  419  278  412         0.1074      0.1374      0.1179      0.1320      0.1179      0.1374
   729  420  421  414         0.0968      0.1701      0.0968      0.1647      0.1074      0.1647
   730  420  414  413         0.0968      0.1701      0.1074      0.1647      0.1074      0.1701
   731  421  422  415         0.0968      0.1647      0.0968      0.1592      0.1074      0.1592
   732  421  415  414         0.0968      0.1647      0.1074      0.1592      0.1074      0.1647
   733  422  423  416         0.0968      0.1592      0.0968      0.1538      0.1074      0.1538
   734  422  416  415         0.0968      0.1592      0.1074      0.1538      0.1074      0.1592
   735  423  424  417         0.0968      0.1538      0.0968      0.1483      0.1074      0.1483
   736  423  417  416         0.0968      0.1538      0.1074      0.1483      0.1074      0.1538
   737  424  425  418         0.0968      0.1483      0.0968      0.1429      0.1074      0.1429
   738  424  418  417         0.0968      0.1483      0.1074      0.1429      0.1074      0.1483
   739  425  426  419         0.0968      0.1429      0.0968      0.1374      0.1074      0.1374
   740  425  419  418         0.0968      0.1429      0.1074      0.1374      0.1074      0.1429
   741  426  288  283         0.0968      0.1374      0.0968      0.1320      0.1074      0.1320
   742  426  283  419         0.0968      0.1374      0.1074      0.1320      0.1074      0.1374
   743  427  428  421         0.0863      0.1701      0.0863      0.1647      0.0968      0.1647
   744  427  421  420         0.0863      0.1701      0.0968      0.1647      0.0968      0.1701
   745  428  429  422         0.0863      0.1647      0.0863      0.1592      0.0968      0.1592
   746  428  422  421         0.0863      0.1647      0.0968      0.1592      0.0968      0.1647
   747  429  430  423         0.0863      0.1592      0.0863      0.1538      0.0968      0.1538
   748  429  423  422         0.0863      0.1592      0.0968      0.1538      0.0968      0.1592
   749  430  431  424         0.0863      0.1538      0.0863      0.1483      0.0968      0.1483
   750  430  424  423         0.0863      0.1538      0.0968      0.1483      0.0968      0.1538
   751  431  432  425         0.0863      0.1483      0.0863      0.1429      0.0968      0.1429
   752  431  425  424         0.0863      0.1483      0.0968      0.1429      0.0968      0.1483
   753  432  433  426         0.0863      0.1429      0.0863      0.1374      0.0968      0.1374
   754  432  426  425         0.0863      0.1429      0.0968      0.1374      0.0968      0.1429
   755  433  293  288         0.0863      0.1374      0.0863      0.1320      0.0968      0.1320
   756  433  288  426         0.0863      0.1374      0.0968      0.1320      0.0968      0.1374
   757  434  435  428         0.0757      0.1701      0.0757      0.1647      0.0863      0.1647
   758  434  428  427         0.0757      0.1701      0.0863      0.1647      0.0863      0.1701
   759  435  436  429         0.0757      0.1647      0.0757      0.1592      0.0863      0.1592
   760  435  429  428         0.0757      0.1647      0.0863      0.1592      0.0863      0.1647
   761  436  437  430         0.0757      0.1592      0.0757      0.1538      0.0863      0.1538
   762  436  430  429         0.0757      0.1592      0.0863      0.1538      0.0863      0.1592
   763  437  438  431         0.0757      0.1538      0.0757      0.1483      0.0863      0.1483
   764  437  431  430         0.0757      0.1538      0.0863      0.1483      0.0863      0.1538
   765  438  439  432         0.0757      0.1483      0.0757      0.1429      0.0863      0.1429
   766  438  432  431         0.0757      0.1483      0.0863      0.1429      0.0863      0.1483
   767  439  440  433         0.0757      0.1429      0.0757      0.1374      0.0863      0.1374
   768  439  433  432         0.0757      0.1429      0.0863      0.1374      0.0863      0.1429
   769  440  298  293         0.0757      0.1374      0.0757      0.1320      0.0863      0.1320
   770  440  293  433         0.0757      0.1374      0.0863      0.1320      0.0863      0.1374
   771  441  442  435         0.0652      0.1701      0.0652      0.1647      0.0757      0.1647
   772  441  435  434         0.0652      0.1701      0.0757      0.1647      0.0757      0.1701
   773  442  443  436         0.0652      0.1647      0.0652      0.1592      0.0757      0.1592
   774  442  436  435         0.0652      0.1647      0.0757      0.1592      0.0757      0.1647
   775  443  444  437         0.0652      0.1592      0.0652      0.1538      0.0757      0.1538
   776  443  437  436         0.0652      0.1592      0.0757      0.1538      0.0757      0.1592
   777  444  445  438         0.0652      0.1538      0.0652      0.1483      0.0757      0.1483
   778  444  438  437         0.0652      0.1538      0.0757      0.1483      0.0757      0.1538
   779  445  446  439         0.0652      0.1483      0.0652      0.1429      0.0757      0.1429
   780  445  439  438         0.0652      0.1483      0.0757      0.1429      0.0757      0.1483
   781  446  447  440         0.0652      0.1429      0.0652      0.1374      0.0757      0.1374
   782  446  440  439         0.0652      0.1429      0.0757      0.1374      0.0757      0.1429
   783  447  303  298         0.0652      0.1374      0.0652      0.1320      0.0757      0.1320
   784  447  298  440         0.0652      0.1374      0.0757      0.1320      0.0757      0.1374
   785  448  449  442         0.0546      0.1701      0.0546      0.1647      0.0652      0.1647
   786  448  442  441         0.0546      0.1701      0.0652      0.1647      0.0652      0.1701
   787  449  450  443         0.0546      0.1647      0.0546      0.1592      0.0652      0.1592
   788  449  443  442         0.0546      0.1647      0.0652      0.1592      0.0652      0.1647
   789  450  451  444         0.0546      0.1592      0.0546      0.1538      0.0652      0.1538
   790  450  444  443         0.0546      0.1592      0.0652      0.1538      0.0652      0.1592
   791  451  452  445         0.0546      0.1538      0.0546      0.1483      0.0652      0.1483
   792  451  445  444         0.0546      0.1538      0.0652      0.1483      0.0652      0.1538
   793  452  453  446         0.0546      0.1483      0.0546      0.1429      0.0652      0.1429
   794  452  446  445         0.0546      0.1483      0.0652      0.1429      0.0652      0.1483
   795  453  454  447         0.0546      0.1429      0.0546      0.1374      0.0652      0.1374
   796  453  447  446         0.0546      0.1429      0.0652      0.1374      0.0652      0.1429
   797  454  308  303         0.0546      0.1374      0.0546      0.1320      0.0652      0.1320
   798  454  303  447         0.0546      0.1374      0.0652      0.1320      0.0652      0.1374
   799  393  387  449         0.0441      0.1701      0.0441      0.1647      0.0546      0.1647
   800  393  449  448         0.0441      0.1701      0.0546      0.1647      0.0546      0.1701
   801  387  381  450         0.0441      0.1647      0.0441      0.1592      0.0546      0.1592
   802  387  450  449         0.0441      0.1647      0.0546      0.1592      0.0546      0.1647
   803  381  375  451         0.0441      0.1592      0.0441      0.1538      0.0546      0.1538
   804  381  451  450         0.0441      0.1592      0.0546      0.1538      0.0546      0.1592
   805  375  369  452         0.0441      0.1538      0.0441      0.1483      0.0546      0.1483
   806  375  452  451         0.0441      0.1538      0.0546      0.1483      0.0546      0.1538
   807  369  363  453         0.0441      0.1483      0.0441      0.1429      0.0546      0.1429
   808  369  453  452         0.0441      0.1483      0.0546      0.1429      0.0546      0.1483
   809  363  357  454         0.0441      0.1429      0.0441      0.1374      0.0546      0.1374
   810  363  454  453         0.0441      0.1429      0.0546      0.1374      0.0546      0.1429
   811  357  267  308         0.0441      0.1374      0.0441      0.1320      0.0546      0.1320
   812  357  308  454         0.0441      0.1374      0.0546      0.1320      0.0546      0.1374
1

 ***  REGION 14  ****
           7 ROWS           8 COLUMNS
          BOUNDARY NODE NUMBERS             57   49   43   44   45   50   59   58


 REGION NODE NUMBERS

   455  456  457  458  459  460  461  313
   462  463  464  465  466  467  468  318
   469  470  471  472  473  474  475  323
   476  477  478  479  480  481  482  328
   483  484  485  486  487  488  489  333
   490  491  492  493  494  495  496  338
   399  400  401  402  403  404  405  273


   NEL  NODE NUMBERS         X(1)        Y(1)        X(2)        Y(2)        X(3)        Y(3)
   813  462  463  456         0.1603      0.1701      0.1603      0.1647      0.1666      0.1647
   814  462  456  455         0.1603      0.1701      0.1666      0.1647      0.1666      0.1701
   815  463  464  457         0.1603      0.1647      0.1603      0.1592      0.1666      0.1592
   816  463  457  456         0.1603      0.1647      0.1666      0.1592      0.1666      0.1647
   817  464  465  458         0.1603      0.1592      0.1603      0.1538      0.1666      0.1538
   818  464  458  457         0.1603      0.1592      0.1666      0.1538      0.1666      0.1592
   819  465  466  459         0.1603      0.1538      0.1603      0.1483      0.1666      0.1483
   820  465  459  458         0.1603      0.1538      0.1666      0.1483      0.1666      0.1538
   821  466  467  460         0.1603      0.1483      0.1603      0.1429      0.1666      0.1429
   822  466  460  459         0.1603      0.1483      0.1666      0.1429      0.1666      0.1483
   823  467  468  461         0.1603      0.1429      0.1603      0.1374      0.1666      0.1374
   824  467  461  460         0.1603      0.1429      0.1666      0.1374      0.1666      0.1429
   825  468  318  313         0.1603      0.1374      0.1603      0.1320      0.1666      0.1320
   826  468  313  461         0.1603      0.1374      0.1666      0.1320      0.1666      0.1374
   827  469  470  463         0.1539      0.1701      0.1539      0.1647      0.1603      0.1647
   828  469  463  462         0.1539      0.1701      0.1603      0.1647      0.1603      0.1701
   829  470  471  464         0.1539      0.1647      0.1539      0.1592      0.1603      0.1592
   830  470  464  463         0.1539      0.1647      0.1603      0.1592      0.1603      0.1647
   831  471  472  465         0.1539      0.1592      0.1539      0.1538      0.1603      0.1538
   832  471  465  464         0.1539      0.1592      0.1603      0.1538      0.1603      0.1592
   833  472  473  466         0.1539      0.1538      0.1539      0.1483      0.1603      0.1483
   834  472  466  465         0.1539      0.1538      0.1603      0.1483      0.1603      0.1538
   835  473  474  467         0.1539      0.1483      0.1539      0.1429      0.1603      0.1429
   836  473  467  466         0.1539      0.1483      0.1603      0.1429      0.1603      0.1483
   837  474  475  468         0.1539      0.1429      0.1539      0.1374      0.1603      0.1374
   838  474  468  467         0.1539      0.1429      0.1603      0.1374      0.1603      0.1429
   839  475  323  318         0.1539      0.1374      0.1539      0.1320      0.1603      0.1320
   840  475  318  468         0.1539      0.1374      0.1603      0.1320      0.1603      0.1374
   841  476  477  470         0.1476      0.1701      0.1476      0.1647      0.1539      0.1647
   842  476  470  469         0.1476      0.1701      0.1539      0.1647      0.1539      0.1701
   843  477  478  471         0.1476      0.1647      0.1476      0.1592      0.1539      0.1592
   844  477  471  470         0.1476      0.1647      0.1539      0.1592      0.1539      0.1647
   845  478  479  472         0.1476      0.1592      0.1476      0.1538      0.1539      0.1538
   846  478  472  471         0.1476      0.1592      0.1539      0.1538      0.1539      0.1592
   847  479  480  473         0.1476      0.1538      0.1476      0.1483      0.1539      0.1483
   848  479  473  472         0.1476      0.1538      0.1539      0.1483      0.1539      0.1538
   849  480  481  474         0.1476      0.1483      0.1476      0.1429      0.1539      0.1429
   850  480  474  473         0.1476      0.1483      0.1539      0.1429      0.1539      0.1483
   851  481  482  475         0.1476      0.1429      0.1476      0.1374      0.1539      0.1374
   852  481  475  474         0.1476      0.1429      0.1539      0.1374      0.1539      0.1429
   853  482  328  323         0.1476      0.1374      0.1476      0.1320      0.1539      0.1320
   854  482  323  475         0.1476      0.1374      0.1539      0.1320      0.1539      0.1374
   855  483  484  477         0.1412      0.1701      0.1412      0.1647      0.1476      0.1647
   856  483  477  476         0.1412      0.1701      0.1476      0.1647      0.1476      0.1701
   857  484  485  478         0.1412      0.1647      0.1412      0.1592      0.1476      0.1592
   858  484  478  477         0.1412      0.1647      0.1476      0.1592      0.1476      0.1647
   859  485  486  479         0.1412      0.1592      0.1412      0.1538      0.1476      0.1538
   860  485  479  478         0.1412      0.1592      0.1476      0.1538      0.1476      0.1592
   861  486  487  480         0.1412      0.1538      0.1412      0.1483      0.1476      0.1483
   862  486  480  479         0.1412      0.1538      0.1476      0.1483      0.1476      0.1538
   863  487  488  481         0.1412      0.1483      0.1412      0.1429      0.1476      0.1429
   864  487  481  480         0.1412      0.1483      0.1476      0.1429      0.1476      0.1483
   865  488  489  482         0.1412      0.1429      0.1412      0.1374      0.1476      0.1374
   866  488  482  481         0.1412      0.1429      0.1476      0.1374      0.1476      0.1429
   867  489  333  328         0.1412      0.1374      0.1412      0.1320      0.1476      0.1320
   868  489  328  482         0.1412      0.1374      0.1476      0.1320      0.1476      0.1374
   869  490  491  484         0.1349      0.1701      0.1349      0.1647      0.1412      0.1647
   870  490  484  483         0.1349      0.1701      0.1412      0.1647      0.1412      0.1701
   871  491  492  485         0.1349      0.1647      0.1349      0.1592      0.1412      0.1592
   872  491  485  484         0.1349      0.1647      0.1412      0.1592      0.1412      0.1647
   873  492  493  486         0.1349      0.1592      0.1349      0.1538      0.1412      0.1538
   874  492  486  485         0.1349      0.1592      0.1412      0.1538      0.1412      0.1592
   875  493  494  487         0.1349      0.1538      0.1349      0.1483      0.1412      0.1483
   876  493  487  486         0.1349      0.1538      0.1412      0.1483      0.1412      0.1538
   877  494  495  488         0.1349      0.1483      0.1349      0.1429      0.1412      0.1429
   878  494  488  487         0.1349      0.1483      0.1412      0.1429      0.1412      0.1483
   879  495  496  489         0.1349      0.1429      0.1349      0.1374      0.1412      0.1374
   880  495  489  488         0.1349      0.1429      0.1412      0.1374      0.1412      0.1429
   881  496  338  333         0.1349      0.1374      0.1349      0.1320      0.1412      0.1320
   882  496  333  489         0.1349      0.1374      0.1412      0.1320      0.1412      0.1374
   883  399  400  491         0.1285      0.1701      0.1285      0.1647      0.1349      0.1647
   884  399  491  490         0.1285      0.1701      0.1349      0.1647      0.1349      0.1701
   885  400  401  492         0.1285      0.1647      0.1285      0.1592      0.1349      0.1592
   886  400  492  491         0.1285      0.1647      0.1349      0.1592      0.1349      0.1647
   887  401  402  493         0.1285      0.1592      0.1285      0.1538      0.1349      0.1538
   888  401  493  492         0.1285      0.1592      0.1349      0.1538      0.1349      0.1592
   889  402  403  494         0.1285      0.1538      0.1285      0.1483      0.1349      0.1483
   890  402  494  493         0.1285      0.1538      0.1349      0.1483      0.1349      0.1538
   891  403  404  495         0.1285      0.1483      0.1285      0.1429      0.1349      0.1429
   892  403  495  494         0.1285      0.1483      0.1349      0.1429      0.1349      0.1483
   893  404  405  496         0.1285      0.1429      0.1285      0.1374      0.1349      0.1374
   894  404  496  495         0.1285      0.1429      0.1349      0.1374      0.1349      0.1429
   895  405  273  338         0.1285      0.1374      0.1285      0.1320      0.1349      0.1320
   896  405  338  496         0.1285      0.1374      0.1349      0.1320      0.1349      0.1374


 BANDWIDTH QUANTITY IS 172 CALCULATED IN ELEMENT 413
