

           ELEMENT GENERATION PROCEDURE  
 GLOBAL COORDINATES  
 NUMBER X COORD	   Y COORD  
    1          0.00        0.00
    2          0.00        0.00
    3          0.01        0.00
    4          0.00        0.06
    5          0.01        0.06
    6          0.00        0.11
    7          0.00        0.11
    8          0.01        0.11
    9          0.07        0.11
   10          0.13        0.11
   11          0.00        0.13
   12          0.01        0.13
   13          0.13        0.13
   14          0.00        0.14
   15          0.00        0.14
   16          0.01        0.14
   17          0.07        0.14
   18          0.13        0.14


 CONNECTIVITY DATA
 REGION    SIDE   1	   2	    3	   4  
    1               0      2      0      0
    2               3      0      0      1
    3               0      0      2      0
1

 ***  REGION  1  ****
           8 ROWS          15 COLUMNS
          BOUNDARY NODE NUMBERS              3    5    8    7    6    4    1    2


 REGION NODE NUMBERS

     1    2    3    4    5    6    7    8    9   10   11   12   13   14   15
    16   17   18   19   20   21   22   23   24   25   26   27   28   29   30
    31   32   33   34   35   36   37   38   39   40   41   42   43   44   45
    46   47   48   49   50   51   52   53   54   55   56   57   58   59   60
    61   62   63   64   65   66   67   68   69   70   71   72   73   74   75
    76   77   78   79   80   81   82   83   84   85   86   87   88   89   90
    91   92   93   94   95   96   97   98   99  100  101  102  103  104  105
   106  107  108  109  110  111  112  113  114  115  116  117  118  119  120


   NEL  NODE NUMBERS         X(1)        Y(1)        X(2)        Y(2)        X(3)        Y(3)
     1   16   17    2         0.0012      0.0000      0.0012      0.0080      0.0000      0.0080
     2   16    2    1         0.0012      0.0000      0.0000      0.0080      0.0000      0.0000
     3   17   18    3         0.0012      0.0080      0.0012      0.0161      0.0000      0.0161
     4   17    3    2         0.0012      0.0080      0.0000      0.0161      0.0000      0.0080
     5   18   19    4         0.0012      0.0161      0.0012      0.0241      0.0000      0.0241
     6   18    4    3         0.0012      0.0161      0.0000      0.0241      0.0000      0.0161
     7   19   20    5         0.0012      0.0241      0.0012      0.0322      0.0000      0.0322
     8   19    5    4         0.0012      0.0241      0.0000      0.0322      0.0000      0.0241
     9   20   21    6         0.0012      0.0322      0.0012      0.0402      0.0000      0.0402
    10   20    6    5         0.0012      0.0322      0.0000      0.0402      0.0000      0.0322
    11   21   22    7         0.0012      0.0402      0.0012      0.0483      0.0000      0.0483
    12   21    7    6         0.0012      0.0402      0.0000      0.0483      0.0000      0.0402
    13   22   23    8         0.0012      0.0483      0.0012      0.0563      0.0000      0.0563
    14   22    8    7         0.0012      0.0483      0.0000      0.0563      0.0000      0.0483
    15   23   24    9         0.0012      0.0563      0.0012      0.0643      0.0000      0.0643
    16   23    9    8         0.0012      0.0563      0.0000      0.0643      0.0000      0.0563
    17   24   25   10         0.0012      0.0643      0.0012      0.0724      0.0000      0.0724
    18   24   10    9         0.0012      0.0643      0.0000      0.0724      0.0000      0.0643
    19   25   26   11         0.0012      0.0724      0.0012      0.0804      0.0000      0.0804
    20   25   11   10         0.0012      0.0724      0.0000      0.0804      0.0000      0.0724
    21   26   27   12         0.0012      0.0804      0.0012      0.0885      0.0000      0.0885
    22   26   12   11         0.0012      0.0804      0.0000      0.0885      0.0000      0.0804
    23   27   28   13         0.0012      0.0885      0.0012      0.0965      0.0000      0.0965
    24   27   13   12         0.0012      0.0885      0.0000      0.0965      0.0000      0.0885
    25   28   29   14         0.0012      0.0965      0.0012      0.1046      0.0000      0.1046
    26   28   14   13         0.0012      0.0965      0.0000      0.1046      0.0000      0.0965
    27   29   30   15         0.0012      0.1046      0.0012      0.1126      0.0000      0.1126
    28   29   15   14         0.0012      0.1046      0.0000      0.1126      0.0000      0.1046
    29   31   32   17         0.0025      0.0000      0.0025      0.0080      0.0012      0.0080
    30   31   17   16         0.0025      0.0000      0.0012      0.0080      0.0012      0.0000
    31   32   33   18         0.0025      0.0080      0.0025      0.0161      0.0012      0.0161
    32   32   18   17         0.0025      0.0080      0.0012      0.0161      0.0012      0.0080
    33   33   34   19         0.0025      0.0161      0.0025      0.0241      0.0012      0.0241
    34   33   19   18         0.0025      0.0161      0.0012      0.0241      0.0012      0.0161
    35   34   35   20         0.0025      0.0241      0.0025      0.0322      0.0012      0.0322
    36   34   20   19         0.0025      0.0241      0.0012      0.0322      0.0012      0.0241
    37   35   36   21         0.0025      0.0322      0.0025      0.0402      0.0012      0.0402
    38   35   21   20         0.0025      0.0322      0.0012      0.0402      0.0012      0.0322
    39   36   37   22         0.0025      0.0402      0.0025      0.0483      0.0012      0.0483
    40   36   22   21         0.0025      0.0402      0.0012      0.0483      0.0012      0.0402
    41   37   38   23         0.0025      0.0483      0.0025      0.0563      0.0012      0.0563
    42   37   23   22         0.0025      0.0483      0.0012      0.0563      0.0012      0.0483
    43   38   39   24         0.0025      0.0563      0.0025      0.0643      0.0012      0.0643
    44   38   24   23         0.0025      0.0563      0.0012      0.0643      0.0012      0.0563
    45   39   40   25         0.0025      0.0643      0.0025      0.0724      0.0012      0.0724
    46   39   25   24         0.0025      0.0643      0.0012      0.0724      0.0012      0.0643
    47   40   41   26         0.0025      0.0724      0.0025      0.0804      0.0012      0.0804
    48   40   26   25         0.0025      0.0724      0.0012      0.0804      0.0012      0.0724
    49   41   42   27         0.0025      0.0804      0.0025      0.0885      0.0012      0.0885
    50   41   27   26         0.0025      0.0804      0.0012      0.0885      0.0012      0.0804
    51   42   43   28         0.0025      0.0885      0.0025      0.0965      0.0012      0.0965
    52   42   28   27         0.0025      0.0885      0.0012      0.0965      0.0012      0.0885
    53   43   44   29         0.0025      0.0965      0.0025      0.1046      0.0012      0.1046
    54   43   29   28         0.0025      0.0965      0.0012      0.1046      0.0012      0.0965
    55   44   45   30         0.0025      0.1046      0.0025      0.1126      0.0012      0.1126
    56   44   30   29         0.0025      0.1046      0.0012      0.1126      0.0012      0.1046
    57   46   47   32         0.0037      0.0000      0.0037      0.0080      0.0025      0.0080
    58   46   32   31         0.0037      0.0000      0.0025      0.0080      0.0025      0.0000
    59   47   48   33         0.0037      0.0080      0.0037      0.0161      0.0025      0.0161
    60   47   33   32         0.0037      0.0080      0.0025      0.0161      0.0025      0.0080
    61   48   49   34         0.0037      0.0161      0.0037      0.0241      0.0025      0.0241
    62   48   34   33         0.0037      0.0161      0.0025      0.0241      0.0025      0.0161
    63   49   50   35         0.0037      0.0241      0.0037      0.0322      0.0025      0.0322
    64   49   35   34         0.0037      0.0241      0.0025      0.0322      0.0025      0.0241
    65   50   51   36         0.0037      0.0322      0.0037      0.0402      0.0025      0.0402
    66   50   36   35         0.0037      0.0322      0.0025      0.0402      0.0025      0.0322
    67   51   52   37         0.0037      0.0402      0.0037      0.0483      0.0025      0.0483
    68   51   37   36         0.0037      0.0402      0.0025      0.0483      0.0025      0.0402
    69   52   53   38         0.0037      0.0483      0.0037      0.0563      0.0025      0.0563
    70   52   38   37         0.0037      0.0483      0.0025      0.0563      0.0025      0.0483
    71   53   54   39         0.0037      0.0563      0.0037      0.0643      0.0025      0.0643
    72   53   39   38         0.0037      0.0563      0.0025      0.0643      0.0025      0.0563
    73   54   55   40         0.0037      0.0643      0.0037      0.0724      0.0025      0.0724
    74   54   40   39         0.0037      0.0643      0.0025      0.0724      0.0025      0.0643
    75   55   56   41         0.0037      0.0724      0.0037      0.0804      0.0025      0.0804
    76   55   41   40         0.0037      0.0724      0.0025      0.0804      0.0025      0.0724
    77   56   57   42         0.0037      0.0804      0.0037      0.0885      0.0025      0.0885
    78   56   42   41         0.0037      0.0804      0.0025      0.0885      0.0025      0.0804
    79   57   58   43         0.0037      0.0885      0.0037      0.0965      0.0025      0.0965
    80   57   43   42         0.0037      0.0885      0.0025      0.0965      0.0025      0.0885
    81   58   59   44         0.0037      0.0965      0.0037      0.1046      0.0025      0.1046
    82   58   44   43         0.0037      0.0965      0.0025      0.1046      0.0025      0.0965
    83   59   60   45         0.0037      0.1046      0.0037      0.1126      0.0025      0.1126
    84   59   45   44         0.0037      0.1046      0.0025      0.1126      0.0025      0.1046
    85   61   62   47         0.0049      0.0000      0.0049      0.0080      0.0037      0.0080
    86   61   47   46         0.0049      0.0000      0.0037      0.0080      0.0037      0.0000
    87   62   63   48         0.0049      0.0080      0.0049      0.0161      0.0037      0.0161
    88   62   48   47         0.0049      0.0080      0.0037      0.0161      0.0037      0.0080
    89   63   64   49         0.0049      0.0161      0.0049      0.0241      0.0037      0.0241
    90   63   49   48         0.0049      0.0161      0.0037      0.0241      0.0037      0.0161
    91   64   65   50         0.0049      0.0241      0.0049      0.0322      0.0037      0.0322
    92   64   50   49         0.0049      0.0241      0.0037      0.0322      0.0037      0.0241
    93   65   66   51         0.0049      0.0322      0.0049      0.0402      0.0037      0.0402
    94   65   51   50         0.0049      0.0322      0.0037      0.0402      0.0037      0.0322
    95   66   67   52         0.0049      0.0402      0.0049      0.0483      0.0037      0.0483
    96   66   52   51         0.0049      0.0402      0.0037      0.0483      0.0037      0.0402
    97   67   68   53         0.0049      0.0483      0.0049      0.0563      0.0037      0.0563
    98   67   53   52         0.0049      0.0483      0.0037      0.0563      0.0037      0.0483
    99   68   69   54         0.0049      0.0563      0.0049      0.0643      0.0037      0.0643
   100   68   54   53         0.0049      0.0563      0.0037      0.0643      0.0037      0.0563
   101   69   70   55         0.0049      0.0643      0.0049      0.0724      0.0037      0.0724
   102   69   55   54         0.0049      0.0643      0.0037      0.0724      0.0037      0.0643
   103   70   71   56         0.0049      0.0724      0.0049      0.0804      0.0037      0.0804
   104   70   56   55         0.0049      0.0724      0.0037      0.0804      0.0037      0.0724
   105   71   72   57         0.0049      0.0804      0.0049      0.0885      0.0037      0.0885
   106   71   57   56         0.0049      0.0804      0.0037      0.0885      0.0037      0.0804
   107   72   73   58         0.0049      0.0885      0.0049      0.0965      0.0037      0.0965
   108   72   58   57         0.0049      0.0885      0.0037      0.0965      0.0037      0.0885
   109   73   74   59         0.0049      0.0965      0.0049      0.1046      0.0037      0.1046
   110   73   59   58         0.0049      0.0965      0.0037      0.1046      0.0037      0.0965
   111   74   75   60         0.0049      0.1046      0.0049      0.1126      0.0037      0.1126
   112   74   60   59         0.0049      0.1046      0.0037      0.1126      0.0037      0.1046
   113   76   77   62         0.0062      0.0000      0.0062      0.0080      0.0049      0.0080
   114   76   62   61         0.0062      0.0000      0.0049      0.0080      0.0049      0.0000
   115   77   78   63         0.0062      0.0080      0.0062      0.0161      0.0049      0.0161
   116   77   63   62         0.0062      0.0080      0.0049      0.0161      0.0049      0.0080
   117   78   79   64         0.0062      0.0161      0.0062      0.0241      0.0049      0.0241
   118   78   64   63         0.0062      0.0161      0.0049      0.0241      0.0049      0.0161
   119   79   80   65         0.0062      0.0241      0.0062      0.0322      0.0049      0.0322
   120   79   65   64         0.0062      0.0241      0.0049      0.0322      0.0049      0.0241
   121   80   81   66         0.0062      0.0322      0.0062      0.0402      0.0049      0.0402
   122   80   66   65         0.0062      0.0322      0.0049      0.0402      0.0049      0.0322
   123   81   82   67         0.0062      0.0402      0.0062      0.0483      0.0049      0.0483
   124   81   67   66         0.0062      0.0402      0.0049      0.0483      0.0049      0.0402
   125   82   83   68         0.0062      0.0483      0.0062      0.0563      0.0049      0.0563
   126   82   68   67         0.0062      0.0483      0.0049      0.0563      0.0049      0.0483
   127   83   84   69         0.0062      0.0563      0.0062      0.0643      0.0049      0.0643
   128   83   69   68         0.0062      0.0563      0.0049      0.0643      0.0049      0.0563
   129   84   85   70         0.0062      0.0643      0.0062      0.0724      0.0049      0.0724
   130   84   70   69         0.0062      0.0643      0.0049      0.0724      0.0049      0.0643
   131   85   86   71         0.0062      0.0724      0.0062      0.0804      0.0049      0.0804
   132   85   71   70         0.0062      0.0724      0.0049      0.0804      0.0049      0.0724
   133   86   87   72         0.0062      0.0804      0.0062      0.0885      0.0049      0.0885
   134   86   72   71         0.0062      0.0804      0.0049      0.0885      0.0049      0.0804
   135   87   88   73         0.0062      0.0885      0.0062      0.0965      0.0049      0.0965
   136   87   73   72         0.0062      0.0885      0.0049      0.0965      0.0049      0.0885
   137   88   89   74         0.0062      0.0965      0.0062      0.1046      0.0049      0.1046
   138   88   74   73         0.0062      0.0965      0.0049      0.1046      0.0049      0.0965
   139   89   90   75         0.0062      0.1046      0.0062      0.1126      0.0049      0.1126
   140   89   75   74         0.0062      0.1046      0.0049      0.1126      0.0049      0.1046
   141   91   92   77         0.0074      0.0000      0.0074      0.0080      0.0062      0.0080
   142   91   77   76         0.0074      0.0000      0.0062      0.0080      0.0062      0.0000
   143   92   93   78         0.0074      0.0080      0.0074      0.0161      0.0062      0.0161
   144   92   78   77         0.0074      0.0080      0.0062      0.0161      0.0062      0.0080
   145   93   94   79         0.0074      0.0161      0.0074      0.0241      0.0062      0.0241
   146   93   79   78         0.0074      0.0161      0.0062      0.0241      0.0062      0.0161
   147   94   95   80         0.0074      0.0241      0.0074      0.0322      0.0062      0.0322
   148   94   80   79         0.0074      0.0241      0.0062      0.0322      0.0062      0.0241
   149   95   96   81         0.0074      0.0322      0.0074      0.0402      0.0062      0.0402
   150   95   81   80         0.0074      0.0322      0.0062      0.0402      0.0062      0.0322
   151   96   97   82         0.0074      0.0402      0.0074      0.0483      0.0062      0.0483
   152   96   82   81         0.0074      0.0402      0.0062      0.0483      0.0062      0.0402
   153   97   98   83         0.0074      0.0483      0.0074      0.0563      0.0062      0.0563
   154   97   83   82         0.0074      0.0483      0.0062      0.0563      0.0062      0.0483
   155   98   99   84         0.0074      0.0563      0.0074      0.0643      0.0062      0.0643
   156   98   84   83         0.0074      0.0563      0.0062      0.0643      0.0062      0.0563
   157   99  100   85         0.0074      0.0643      0.0074      0.0724      0.0062      0.0724
   158   99   85   84         0.0074      0.0643      0.0062      0.0724      0.0062      0.0643
   159  100  101   86         0.0074      0.0724      0.0074      0.0804      0.0062      0.0804
   160  100   86   85         0.0074      0.0724      0.0062      0.0804      0.0062      0.0724
   161  101  102   87         0.0074      0.0804      0.0074      0.0885      0.0062      0.0885
   162  101   87   86         0.0074      0.0804      0.0062      0.0885      0.0062      0.0804
   163  102  103   88         0.0074      0.0885      0.0074      0.0965      0.0062      0.0965
   164  102   88   87         0.0074      0.0885      0.0062      0.0965      0.0062      0.0885
   165  103  104   89         0.0074      0.0965      0.0074      0.1046      0.0062      0.1046
   166  103   89   88         0.0074      0.0965      0.0062      0.1046      0.0062      0.0965
   167  104  105   90         0.0074      0.1046      0.0074      0.1126      0.0062      0.1126
   168  104   90   89         0.0074      0.1046      0.0062      0.1126      0.0062      0.1046
   169  106  107   92         0.0087      0.0000      0.0087      0.0080      0.0074      0.0080
   170  106   92   91         0.0087      0.0000      0.0074      0.0080      0.0074      0.0000
   171  107  108   93         0.0087      0.0080      0.0087      0.0161      0.0074      0.0161
   172  107   93   92         0.0087      0.0080      0.0074      0.0161      0.0074      0.0080
   173  108  109   94         0.0087      0.0161      0.0087      0.0241      0.0074      0.0241
   174  108   94   93         0.0087      0.0161      0.0074      0.0241      0.0074      0.0161
   175  109  110   95         0.0087      0.0241      0.0087      0.0322      0.0074      0.0322
   176  109   95   94         0.0087      0.0241      0.0074      0.0322      0.0074      0.0241
   177  110  111   96         0.0087      0.0322      0.0087      0.0402      0.0074      0.0402
   178  110   96   95         0.0087      0.0322      0.0074      0.0402      0.0074      0.0322
   179  111  112   97         0.0087      0.0402      0.0087      0.0483      0.0074      0.0483
   180  111   97   96         0.0087      0.0402      0.0074      0.0483      0.0074      0.0402
   181  112  113   98         0.0087      0.0483      0.0087      0.0563      0.0074      0.0563
   182  112   98   97         0.0087      0.0483      0.0074      0.0563      0.0074      0.0483
   183  113  114   99         0.0087      0.0563      0.0087      0.0643      0.0074      0.0643
   184  113   99   98         0.0087      0.0563      0.0074      0.0643      0.0074      0.0563
   185  114  115  100         0.0087      0.0643      0.0087      0.0724      0.0074      0.0724
   186  114  100   99         0.0087      0.0643      0.0074      0.0724      0.0074      0.0643
   187  115  116  101         0.0087      0.0724      0.0087      0.0804      0.0074      0.0804
   188  115  101  100         0.0087      0.0724      0.0074      0.0804      0.0074      0.0724
   189  116  117  102         0.0087      0.0804      0.0087      0.0885      0.0074      0.0885
   190  116  102  101         0.0087      0.0804      0.0074      0.0885      0.0074      0.0804
   191  117  118  103         0.0087      0.0885      0.0087      0.0965      0.0074      0.0965
   192  117  103  102         0.0087      0.0885      0.0074      0.0965      0.0074      0.0885
   193  118  119  104         0.0087      0.0965      0.0087      0.1046      0.0074      0.1046
   194  118  104  103         0.0087      0.0965      0.0074      0.1046      0.0074      0.0965
   195  119  120  105         0.0087      0.1046      0.0087      0.1126      0.0074      0.1126
   196  119  105  104         0.0087      0.1046      0.0074      0.1126      0.0074      0.1046
1

 ***  REGION  2  ****
           8 ROWS           8 COLUMNS
          BOUNDARY NODE NUMBERS              8   12   16   15   14   11    6    7


 REGION NODE NUMBERS

    15  121  122  123  124  125  126  127
    30  128  129  130  131  132  133  134
    45  135  136  137  138  139  140  141
    60  142  143  144  145  146  147  148
    75  149  150  151  152  153  154  155
    90  156  157  158  159  160  161  162
   105  163  164  165  166  167  168  169
   120  170  171  172  173  174  175  176


   NEL  NODE NUMBERS         X(1)        Y(1)        X(2)        Y(2)        X(3)        Y(3)
   197   30  128  121         0.0012      0.1126      0.0012      0.1167      0.0000      0.1167
   198   30  121   15         0.0012      0.1126      0.0000      0.1167      0.0000      0.1126
   199  128  129  122         0.0012      0.1167      0.0012      0.1207      0.0000      0.1207
   200  128  122  121         0.0012      0.1167      0.0000      0.1207      0.0000      0.1167
   201  129  130  123         0.0012      0.1207      0.0012      0.1248      0.0000      0.1248
   202  129  123  122         0.0012      0.1207      0.0000      0.1248      0.0000      0.1207
   203  130  131  124         0.0012      0.1248      0.0012      0.1288      0.0000      0.1288
   204  130  124  123         0.0012      0.1248      0.0000      0.1288      0.0000      0.1248
   205  131  132  125         0.0012      0.1288      0.0012      0.1329      0.0000      0.1329
   206  131  125  124         0.0012      0.1288      0.0000      0.1329      0.0000      0.1288
   207  132  133  126         0.0012      0.1329      0.0012      0.1369      0.0000      0.1369
   208  132  126  125         0.0012      0.1329      0.0000      0.1369      0.0000      0.1329
   209  133  134  127         0.0012      0.1369      0.0012      0.1410      0.0000      0.1410
   210  133  127  126         0.0012      0.1369      0.0000      0.1410      0.0000      0.1369
   211   45  135  128         0.0025      0.1126      0.0025      0.1167      0.0012      0.1167
   212   45  128   30         0.0025      0.1126      0.0012      0.1167      0.0012      0.1126
   213  135  136  129         0.0025      0.1167      0.0025      0.1207      0.0012      0.1207
   214  135  129  128         0.0025      0.1167      0.0012      0.1207      0.0012      0.1167
   215  136  137  130         0.0025      0.1207      0.0025      0.1248      0.0012      0.1248
   216  136  130  129         0.0025      0.1207      0.0012      0.1248      0.0012      0.1207
   217  137  138  131         0.0025      0.1248      0.0025      0.1288      0.0012      0.1288
   218  137  131  130         0.0025      0.1248      0.0012      0.1288      0.0012      0.1248
   219  138  139  132         0.0025      0.1288      0.0025      0.1329      0.0012      0.1329
   220  138  132  131         0.0025      0.1288      0.0012      0.1329      0.0012      0.1288
   221  139  140  133         0.0025      0.1329      0.0025      0.1369      0.0012      0.1369
   222  139  133  132         0.0025      0.1329      0.0012      0.1369      0.0012      0.1329
   223  140  141  134         0.0025      0.1369      0.0025      0.1410      0.0012      0.1410
   224  140  134  133         0.0025      0.1369      0.0012      0.1410      0.0012      0.1369
   225   60  142  135         0.0037      0.1126      0.0037      0.1167      0.0025      0.1167
   226   60  135   45         0.0037      0.1126      0.0025      0.1167      0.0025      0.1126
   227  142  143  136         0.0037      0.1167      0.0037      0.1207      0.0025      0.1207
   228  142  136  135         0.0037      0.1167      0.0025      0.1207      0.0025      0.1167
   229  143  144  137         0.0037      0.1207      0.0037      0.1248      0.0025      0.1248
   230  143  137  136         0.0037      0.1207      0.0025      0.1248      0.0025      0.1207
   231  144  145  138         0.0037      0.1248      0.0037      0.1288      0.0025      0.1288
   232  144  138  137         0.0037      0.1248      0.0025      0.1288      0.0025      0.1248
   233  145  146  139         0.0037      0.1288      0.0037      0.1329      0.0025      0.1329
   234  145  139  138         0.0037      0.1288      0.0025      0.1329      0.0025      0.1288
   235  146  147  140         0.0037      0.1329      0.0037      0.1369      0.0025      0.1369
   236  146  140  139         0.0037      0.1329      0.0025      0.1369      0.0025      0.1329
   237  147  148  141         0.0037      0.1369      0.0037      0.1410      0.0025      0.1410
   238  147  141  140         0.0037      0.1369      0.0025      0.1410      0.0025      0.1369
   239   75  149  142         0.0049      0.1126      0.0049      0.1167      0.0037      0.1167
   240   75  142   60         0.0049      0.1126      0.0037      0.1167      0.0037      0.1126
   241  149  150  143         0.0049      0.1167      0.0049      0.1207      0.0037      0.1207
   242  149  143  142         0.0049      0.1167      0.0037      0.1207      0.0037      0.1167
   243  150  151  144         0.0049      0.1207      0.0049      0.1248      0.0037      0.1248
   244  150  144  143         0.0049      0.1207      0.0037      0.1248      0.0037      0.1207
   245  151  152  145         0.0049      0.1248      0.0049      0.1288      0.0037      0.1288
   246  151  145  144         0.0049      0.1248      0.0037      0.1288      0.0037      0.1248
   247  152  153  146         0.0049      0.1288      0.0049      0.1329      0.0037      0.1329
   248  152  146  145         0.0049      0.1288      0.0037      0.1329      0.0037      0.1288
   249  153  154  147         0.0049      0.1329      0.0049      0.1369      0.0037      0.1369
   250  153  147  146         0.0049      0.1329      0.0037      0.1369      0.0037      0.1329
   251  154  155  148         0.0049      0.1369      0.0049      0.1410      0.0037      0.1410
   252  154  148  147         0.0049      0.1369      0.0037      0.1410      0.0037      0.1369
   253   90  156  149         0.0062      0.1126      0.0062      0.1167      0.0049      0.1167
   254   90  149   75         0.0062      0.1126      0.0049      0.1167      0.0049      0.1126
   255  156  157  150         0.0062      0.1167      0.0062      0.1207      0.0049      0.1207
   256  156  150  149         0.0062      0.1167      0.0049      0.1207      0.0049      0.1167
   257  157  158  151         0.0062      0.1207      0.0062      0.1248      0.0049      0.1248
   258  157  151  150         0.0062      0.1207      0.0049      0.1248      0.0049      0.1207
   259  158  159  152         0.0062      0.1248      0.0062      0.1288      0.0049      0.1288
   260  158  152  151         0.0062      0.1248      0.0049      0.1288      0.0049      0.1248
   261  159  160  153         0.0062      0.1288      0.0062      0.1329      0.0049      0.1329
   262  159  153  152         0.0062      0.1288      0.0049      0.1329      0.0049      0.1288
   263  160  161  154         0.0062      0.1329      0.0062      0.1369      0.0049      0.1369
   264  160  154  153         0.0062      0.1329      0.0049      0.1369      0.0049      0.1329
   265  161  162  155         0.0062      0.1369      0.0062      0.1410      0.0049      0.1410
   266  161  155  154         0.0062      0.1369      0.0049      0.1410      0.0049      0.1369
   267  105  163  156         0.0074      0.1126      0.0074      0.1167      0.0062      0.1167
   268  105  156   90         0.0074      0.1126      0.0062      0.1167      0.0062      0.1126
   269  163  164  157         0.0074      0.1167      0.0074      0.1207      0.0062      0.1207
   270  163  157  156         0.0074      0.1167      0.0062      0.1207      0.0062      0.1167
   271  164  165  158         0.0074      0.1207      0.0074      0.1248      0.0062      0.1248
   272  164  158  157         0.0074      0.1207      0.0062      0.1248      0.0062      0.1207
   273  165  166  159         0.0074      0.1248      0.0074      0.1288      0.0062      0.1288
   274  165  159  158         0.0074      0.1248      0.0062      0.1288      0.0062      0.1248
   275  166  167  160         0.0074      0.1288      0.0074      0.1329      0.0062      0.1329
   276  166  160  159         0.0074      0.1288      0.0062      0.1329      0.0062      0.1288
   277  167  168  161         0.0074      0.1329      0.0074      0.1369      0.0062      0.1369
   278  167  161  160         0.0074      0.1329      0.0062      0.1369      0.0062      0.1329
   279  168  169  162         0.0074      0.1369      0.0074      0.1410      0.0062      0.1410
   280  168  162  161         0.0074      0.1369      0.0062      0.1410      0.0062      0.1369
   281  120  170  163         0.0087      0.1126      0.0087      0.1167      0.0074      0.1167
   282  120  163  105         0.0087      0.1126      0.0074      0.1167      0.0074      0.1126
   283  170  171  164         0.0087      0.1167      0.0087      0.1207      0.0074      0.1207
   284  170  164  163         0.0087      0.1167      0.0074      0.1207      0.0074      0.1167
   285  171  172  165         0.0087      0.1207      0.0087      0.1248      0.0074      0.1248
   286  171  165  164         0.0087      0.1207      0.0074      0.1248      0.0074      0.1207
   287  172  173  166         0.0087      0.1248      0.0087      0.1288      0.0074      0.1288
   288  172  166  165         0.0087      0.1248      0.0074      0.1288      0.0074      0.1248
   289  173  174  167         0.0087      0.1288      0.0087      0.1329      0.0074      0.1329
   290  173  167  166         0.0087      0.1288      0.0074      0.1329      0.0074      0.1288
   291  174  175  168         0.0087      0.1329      0.0087      0.1369      0.0074      0.1369
   292  174  168  167         0.0087      0.1329      0.0074      0.1369      0.0074      0.1329
   293  175  176  169         0.0087      0.1369      0.0087      0.1410      0.0074      0.1410
   294  175  169  168         0.0087      0.1369      0.0074      0.1410      0.0074      0.1369
1

 ***  REGION  3  ****
          15 ROWS           8 COLUMNS
          BOUNDARY NODE NUMBERS             10   13   18   17   16   12    8    9


 REGION NODE NUMBERS

   120  170  171  172  173  174  175  176
   177  178  179  180  181  182  183  184
   185  186  187  188  189  190  191  192
   193  194  195  196  197  198  199  200
   201  202  203  204  205  206  207  208
   209  210  211  212  213  214  215  216
   217  218  219  220  221  222  223  224
   225  226  227  228  229  230  231  232
   233  234  235  236  237  238  239  240
   241  242  243  244  245  246  247  248
   249  250  251  252  253  254  255  256
   257  258  259  260  261  262  263  264
   265  266  267  268  269  270  271  272
   273  274  275  276  277  278  279  280
   281  282  283  284  285  286  287  288


   NEL  NODE NUMBERS         X(1)        Y(1)        X(2)        Y(2)        X(3)        Y(3)
   295  177  178  170         0.0174      0.1126      0.0174      0.1167      0.0087      0.1167
   296  177  170  120         0.0174      0.1126      0.0087      0.1167      0.0087      0.1126
   297  178  179  171         0.0174      0.1167      0.0174      0.1207      0.0087      0.1207
   298  178  171  170         0.0174      0.1167      0.0087      0.1207      0.0087      0.1167
   299  179  180  172         0.0174      0.1207      0.0174      0.1248      0.0087      0.1248
   300  179  172  171         0.0174      0.1207      0.0087      0.1248      0.0087      0.1207
   301  180  181  173         0.0174      0.1248      0.0174      0.1288      0.0087      0.1288
   302  180  173  172         0.0174      0.1248      0.0087      0.1288      0.0087      0.1248
   303  181  182  174         0.0174      0.1288      0.0174      0.1329      0.0087      0.1329
   304  181  174  173         0.0174      0.1288      0.0087      0.1329      0.0087      0.1288
   305  182  183  175         0.0174      0.1329      0.0174      0.1369      0.0087      0.1369
   306  182  175  174         0.0174      0.1329      0.0087      0.1369      0.0087      0.1329
   307  183  184  176         0.0174      0.1369      0.0174      0.1410      0.0087      0.1410
   308  183  176  175         0.0174      0.1369      0.0087      0.1410      0.0087      0.1369
   309  185  186  178         0.0262      0.1126      0.0262      0.1167      0.0174      0.1167
   310  185  178  177         0.0262      0.1126      0.0174      0.1167      0.0174      0.1126
   311  186  187  179         0.0262      0.1167      0.0262      0.1207      0.0174      0.1207
   312  186  179  178         0.0262      0.1167      0.0174      0.1207      0.0174      0.1167
   313  187  188  180         0.0262      0.1207      0.0262      0.1248      0.0174      0.1248
   314  187  180  179         0.0262      0.1207      0.0174      0.1248      0.0174      0.1207
   315  188  189  181         0.0262      0.1248      0.0262      0.1288      0.0174      0.1288
   316  188  181  180         0.0262      0.1248      0.0174      0.1288      0.0174      0.1248
   317  189  190  182         0.0262      0.1288      0.0262      0.1329      0.0174      0.1329
   318  189  182  181         0.0262      0.1288      0.0174      0.1329      0.0174      0.1288
   319  190  191  183         0.0262      0.1329      0.0262      0.1369      0.0174      0.1369
   320  190  183  182         0.0262      0.1329      0.0174      0.1369      0.0174      0.1329
   321  191  192  184         0.0262      0.1369      0.0262      0.1410      0.0174      0.1410
   322  191  184  183         0.0262      0.1369      0.0174      0.1410      0.0174      0.1369
   323  193  194  186         0.0350      0.1126      0.0350      0.1167      0.0262      0.1167
   324  193  186  185         0.0350      0.1126      0.0262      0.1167      0.0262      0.1126
   325  194  195  187         0.0350      0.1167      0.0350      0.1207      0.0262      0.1207
   326  194  187  186         0.0350      0.1167      0.0262      0.1207      0.0262      0.1167
   327  195  196  188         0.0350      0.1207      0.0350      0.1248      0.0262      0.1248
   328  195  188  187         0.0350      0.1207      0.0262      0.1248      0.0262      0.1207
   329  196  197  189         0.0350      0.1248      0.0350      0.1288      0.0262      0.1288
   330  196  189  188         0.0350      0.1248      0.0262      0.1288      0.0262      0.1248
   331  197  198  190         0.0350      0.1288      0.0350      0.1329      0.0262      0.1329
   332  197  190  189         0.0350      0.1288      0.0262      0.1329      0.0262      0.1288
   333  198  199  191         0.0350      0.1329      0.0350      0.1369      0.0262      0.1369
   334  198  191  190         0.0350      0.1329      0.0262      0.1369      0.0262      0.1329
   335  199  200  192         0.0350      0.1369      0.0350      0.1410      0.0262      0.1410
   336  199  192  191         0.0350      0.1369      0.0262      0.1410      0.0262      0.1369
   337  201  202  194         0.0438      0.1126      0.0438      0.1167      0.0350      0.1167
   338  201  194  193         0.0438      0.1126      0.0350      0.1167      0.0350      0.1126
   339  202  203  195         0.0438      0.1167      0.0438      0.1207      0.0350      0.1207
   340  202  195  194         0.0438      0.1167      0.0350      0.1207      0.0350      0.1167
   341  203  204  196         0.0438      0.1207      0.0438      0.1248      0.0350      0.1248
   342  203  196  195         0.0438      0.1207      0.0350      0.1248      0.0350      0.1207
   343  204  205  197         0.0438      0.1248      0.0438      0.1288      0.0350      0.1288
   344  204  197  196         0.0438      0.1248      0.0350      0.1288      0.0350      0.1248
   345  205  206  198         0.0438      0.1288      0.0438      0.1329      0.0350      0.1329
   346  205  198  197         0.0438      0.1288      0.0350      0.1329      0.0350      0.1288
   347  206  207  199         0.0438      0.1329      0.0438      0.1369      0.0350      0.1369
   348  206  199  198         0.0438      0.1329      0.0350      0.1369      0.0350      0.1329
   349  207  208  200         0.0438      0.1369      0.0438      0.1410      0.0350      0.1410
   350  207  200  199         0.0438      0.1369      0.0350      0.1410      0.0350      0.1369
   351  209  210  202         0.0525      0.1126      0.0525      0.1167      0.0438      0.1167
   352  209  202  201         0.0525      0.1126      0.0438      0.1167      0.0438      0.1126
   353  210  211  203         0.0525      0.1167      0.0525      0.1207      0.0438      0.1207
   354  210  203  202         0.0525      0.1167      0.0438      0.1207      0.0438      0.1167
   355  211  212  204         0.0525      0.1207      0.0525      0.1248      0.0438      0.1248
   356  211  204  203         0.0525      0.1207      0.0438      0.1248      0.0438      0.1207
   357  212  213  205         0.0525      0.1248      0.0525      0.1288      0.0438      0.1288
   358  212  205  204         0.0525      0.1248      0.0438      0.1288      0.0438      0.1248
   359  213  214  206         0.0525      0.1288      0.0525      0.1329      0.0438      0.1329
   360  213  206  205         0.0525      0.1288      0.0438      0.1329      0.0438      0.1288
   361  214  215  207         0.0525      0.1329      0.0525      0.1369      0.0438      0.1369
   362  214  207  206         0.0525      0.1329      0.0438      0.1369      0.0438      0.1329
   363  215  216  208         0.0525      0.1369      0.0525      0.1410      0.0438      0.1410
   364  215  208  207         0.0525      0.1369      0.0438      0.1410      0.0438      0.1369
   365  217  218  210         0.0613      0.1126      0.0613      0.1167      0.0525      0.1167
   366  217  210  209         0.0613      0.1126      0.0525      0.1167      0.0525      0.1126
   367  218  219  211         0.0613      0.1167      0.0613      0.1207      0.0525      0.1207
   368  218  211  210         0.0613      0.1167      0.0525      0.1207      0.0525      0.1167
   369  219  220  212         0.0613      0.1207      0.0613      0.1248      0.0525      0.1248
   370  219  212  211         0.0613      0.1207      0.0525      0.1248      0.0525      0.1207
   371  220  221  213         0.0613      0.1248      0.0613      0.1288      0.0525      0.1288
   372  220  213  212         0.0613      0.1248      0.0525      0.1288      0.0525      0.1248
   373  221  222  214         0.0613      0.1288      0.0613      0.1329      0.0525      0.1329
   374  221  214  213         0.0613      0.1288      0.0525      0.1329      0.0525      0.1288
   375  222  223  215         0.0613      0.1329      0.0613      0.1369      0.0525      0.1369
   376  222  215  214         0.0613      0.1329      0.0525      0.1369      0.0525      0.1329
   377  223  224  216         0.0613      0.1369      0.0613      0.1410      0.0525      0.1410
   378  223  216  215         0.0613      0.1369      0.0525      0.1410      0.0525      0.1369
   379  225  226  218         0.0701      0.1126      0.0701      0.1167      0.0613      0.1167
   380  225  218  217         0.0701      0.1126      0.0613      0.1167      0.0613      0.1126
   381  226  227  219         0.0701      0.1167      0.0701      0.1207      0.0613      0.1207
   382  226  219  218         0.0701      0.1167      0.0613      0.1207      0.0613      0.1167
   383  227  228  220         0.0701      0.1207      0.0701      0.1248      0.0613      0.1248
   384  227  220  219         0.0701      0.1207      0.0613      0.1248      0.0613      0.1207
   385  228  229  221         0.0701      0.1248      0.0701      0.1288      0.0613      0.1288
   386  228  221  220         0.0701      0.1248      0.0613      0.1288      0.0613      0.1248
   387  229  230  222         0.0701      0.1288      0.0701      0.1329      0.0613      0.1329
   388  229  222  221         0.0701      0.1288      0.0613      0.1329      0.0613      0.1288
   389  230  231  223         0.0701      0.1329      0.0701      0.1369      0.0613      0.1369
   390  230  223  222         0.0701      0.1329      0.0613      0.1369      0.0613      0.1329
   391  231  232  224         0.0701      0.1369      0.0701      0.1410      0.0613      0.1410
   392  231  224  223         0.0701      0.1369      0.0613      0.1410      0.0613      0.1369
   393  233  234  226         0.0789      0.1126      0.0789      0.1167      0.0701      0.1167
   394  233  226  225         0.0789      0.1126      0.0701      0.1167      0.0701      0.1126
   395  234  235  227         0.0789      0.1167      0.0789      0.1207      0.0701      0.1207
   396  234  227  226         0.0789      0.1167      0.0701      0.1207      0.0701      0.1167
   397  235  236  228         0.0789      0.1207      0.0789      0.1248      0.0701      0.1248
   398  235  228  227         0.0789      0.1207      0.0701      0.1248      0.0701      0.1207
   399  236  237  229         0.0789      0.1248      0.0789      0.1288      0.0701      0.1288
   400  236  229  228         0.0789      0.1248      0.0701      0.1288      0.0701      0.1248
   401  237  238  230         0.0789      0.1288      0.0789      0.1329      0.0701      0.1329
   402  237  230  229         0.0789      0.1288      0.0701      0.1329      0.0701      0.1288
   403  238  239  231         0.0789      0.1329      0.0789      0.1369      0.0701      0.1369
   404  238  231  230         0.0789      0.1329      0.0701      0.1369      0.0701      0.1329
   405  239  240  232         0.0789      0.1369      0.0789      0.1410      0.0701      0.1410
   406  239  232  231         0.0789      0.1369      0.0701      0.1410      0.0701      0.1369
   407  241  242  234         0.0876      0.1126      0.0876      0.1167      0.0789      0.1167
   408  241  234  233         0.0876      0.1126      0.0789      0.1167      0.0789      0.1126
   409  242  243  235         0.0876      0.1167      0.0876      0.1207      0.0789      0.1207
   410  242  235  234         0.0876      0.1167      0.0789      0.1207      0.0789      0.1167
   411  243  244  236         0.0876      0.1207      0.0876      0.1248      0.0789      0.1248
   412  243  236  235         0.0876      0.1207      0.0789      0.1248      0.0789      0.1207
   413  244  245  237         0.0876      0.1248      0.0876      0.1288      0.0789      0.1288
   414  244  237  236         0.0876      0.1248      0.0789      0.1288      0.0789      0.1248
   415  245  246  238         0.0876      0.1288      0.0876      0.1329      0.0789      0.1329
   416  245  238  237         0.0876      0.1288      0.0789      0.1329      0.0789      0.1288
   417  246  247  239         0.0876      0.1329      0.0876      0.1369      0.0789      0.1369
   418  246  239  238         0.0876      0.1329      0.0789      0.1369      0.0789      0.1329
   419  247  248  240         0.0876      0.1369      0.0876      0.1410      0.0789      0.1410
   420  247  240  239         0.0876      0.1369      0.0789      0.1410      0.0789      0.1369
   421  249  250  242         0.0964      0.1126      0.0964      0.1167      0.0876      0.1167
   422  249  242  241         0.0964      0.1126      0.0876      0.1167      0.0876      0.1126
   423  250  251  243         0.0964      0.1167      0.0964      0.1207      0.0876      0.1207
   424  250  243  242         0.0964      0.1167      0.0876      0.1207      0.0876      0.1167
   425  251  252  244         0.0964      0.1207      0.0964      0.1248      0.0876      0.1248
   426  251  244  243         0.0964      0.1207      0.0876      0.1248      0.0876      0.1207
   427  252  253  245         0.0964      0.1248      0.0964      0.1288      0.0876      0.1288
   428  252  245  244         0.0964      0.1248      0.0876      0.1288      0.0876      0.1248
   429  253  254  246         0.0964      0.1288      0.0964      0.1329      0.0876      0.1329
   430  253  246  245         0.0964      0.1288      0.0876      0.1329      0.0876      0.1288
   431  254  255  247         0.0964      0.1329      0.0964      0.1369      0.0876      0.1369
   432  254  247  246         0.0964      0.1329      0.0876      0.1369      0.0876      0.1329
   433  255  256  248         0.0964      0.1369      0.0964      0.1410      0.0876      0.1410
   434  255  248  247         0.0964      0.1369      0.0876      0.1410      0.0876      0.1369
   435  257  258  250         0.1052      0.1126      0.1052      0.1167      0.0964      0.1167
   436  257  250  249         0.1052      0.1126      0.0964      0.1167      0.0964      0.1126
   437  258  259  251         0.1052      0.1167      0.1052      0.1207      0.0964      0.1207
   438  258  251  250         0.1052      0.1167      0.0964      0.1207      0.0964      0.1167
   439  259  260  252         0.1052      0.1207      0.1052      0.1248      0.0964      0.1248
   440  259  252  251         0.1052      0.1207      0.0964      0.1248      0.0964      0.1207
   441  260  261  253         0.1052      0.1248      0.1052      0.1288      0.0964      0.1288
   442  260  253  252         0.1052      0.1248      0.0964      0.1288      0.0964      0.1248
   443  261  262  254         0.1052      0.1288      0.1052      0.1329      0.0964      0.1329
   444  261  254  253         0.1052      0.1288      0.0964      0.1329      0.0964      0.1288
   445  262  263  255         0.1052      0.1329      0.1052      0.1369      0.0964      0.1369
   446  262  255  254         0.1052      0.1329      0.0964      0.1369      0.0964      0.1329
   447  263  264  256         0.1052      0.1369      0.1052      0.1410      0.0964      0.1410
   448  263  256  255         0.1052      0.1369      0.0964      0.1410      0.0964      0.1369
   449  265  266  258         0.1140      0.1126      0.1140      0.1167      0.1052      0.1167
   450  265  258  257         0.1140      0.1126      0.1052      0.1167      0.1052      0.1126
   451  266  267  259         0.1140      0.1167      0.1140      0.1207      0.1052      0.1207
   452  266  259  258         0.1140      0.1167      0.1052      0.1207      0.1052      0.1167
   453  267  268  260         0.1140      0.1207      0.1140      0.1248      0.1052      0.1248
   454  267  260  259         0.1140      0.1207      0.1052      0.1248      0.1052      0.1207
   455  268  269  261         0.1140      0.1248      0.1140      0.1288      0.1052      0.1288
   456  268  261  260         0.1140      0.1248      0.1052      0.1288      0.1052      0.1248
   457  269  270  262         0.1140      0.1288      0.1140      0.1329      0.1052      0.1329
   458  269  262  261         0.1140      0.1288      0.1052      0.1329      0.1052      0.1288
   459  270  271  263         0.1140      0.1329      0.1140      0.1369      0.1052      0.1369
   460  270  263  262         0.1140      0.1329      0.1052      0.1369      0.1052      0.1329
   461  271  272  264         0.1140      0.1369      0.1140      0.1410      0.1052      0.1410
   462  271  264  263         0.1140      0.1369      0.1052      0.1410      0.1052      0.1369
   463  273  274  266         0.1227      0.1126      0.1227      0.1167      0.1140      0.1167
   464  273  266  265         0.1227      0.1126      0.1140      0.1167      0.1140      0.1126
   465  274  275  267         0.1227      0.1167      0.1227      0.1207      0.1140      0.1207
   466  274  267  266         0.1227      0.1167      0.1140      0.1207      0.1140      0.1167
   467  275  276  268         0.1227      0.1207      0.1227      0.1248      0.1140      0.1248
   468  275  268  267         0.1227      0.1207      0.1140      0.1248      0.1140      0.1207
   469  276  277  269         0.1227      0.1248      0.1227      0.1288      0.1140      0.1288
   470  276  269  268         0.1227      0.1248      0.1140      0.1288      0.1140      0.1248
   471  277  278  270         0.1227      0.1288      0.1227      0.1329      0.1140      0.1329
   472  277  270  269         0.1227      0.1288      0.1140      0.1329      0.1140      0.1288
   473  278  279  271         0.1227      0.1329      0.1227      0.1369      0.1140      0.1369
   474  278  271  270         0.1227      0.1329      0.1140      0.1369      0.1140      0.1329
   475  279  280  272         0.1227      0.1369      0.1227      0.1410      0.1140      0.1410
   476  279  272  271         0.1227      0.1369      0.1140      0.1410      0.1140      0.1369
   477  281  282  274         0.1315      0.1126      0.1315      0.1167      0.1227      0.1167
   478  281  274  273         0.1315      0.1126      0.1227      0.1167      0.1227      0.1126
   479  282  283  275         0.1315      0.1167      0.1315      0.1207      0.1227      0.1207
   480  282  275  274         0.1315      0.1167      0.1227      0.1207      0.1227      0.1167
   481  283  284  276         0.1315      0.1207      0.1315      0.1248      0.1227      0.1248
   482  283  276  275         0.1315      0.1207      0.1227      0.1248      0.1227      0.1207
   483  284  285  277         0.1315      0.1248      0.1315      0.1288      0.1227      0.1288
   484  284  277  276         0.1315      0.1248      0.1227      0.1288      0.1227      0.1248
   485  285  286  278         0.1315      0.1288      0.1315      0.1329      0.1227      0.1329
   486  285  278  277         0.1315      0.1288      0.1227      0.1329      0.1227      0.1288
   487  286  287  279         0.1315      0.1329      0.1315      0.1369      0.1227      0.1369
   488  286  279  278         0.1315      0.1329      0.1227      0.1369      0.1227      0.1329
   489  287  288  280         0.1315      0.1369      0.1315      0.1410      0.1227      0.1410
   490  287  280  279         0.1315      0.1369      0.1227      0.1410      0.1227      0.1369


 BANDWIDTH QUANTITY IS 107 CALCULATED IN ELEMENT 198
